0000000000000001111110000000000000000000
0000000000000001000010000000000000000000
0000000000000001000010000000000000000000
0000000000000001000010000000000000000000
0000000000000001000010000000000000000000
0000000000000001111110000000000000000000
0000000000000000000000000000011110000000
0000001111100000000000000000010010000000
0000001000100000000000000000010010000000
0000001000100000000000000000010010000000
0000001000100000000000000000011110000000
0000001111100000000000000000000000000000
0000000000000000000000000000111100000000
0001111110000000000000000000100100000000
0001000010000000000000000000100100000000
0001000010000000000001111110100100000000
0001111110000000000001000010100100000000
0000000000000000000001000010111100000000
0000000000000000000001000010000000000000
0000000000000000000001111110000000000000
