0000000000000000000000000000000000000000
0000000000000000000000000000000000000000
0000111100000000000000000000000000000000
0000000000000000001111110000000000111110
0000000001110000001000010000000000100010
0000000001010000001111110011111000111110
0000000001110000000000000010001000000000
0000000000000000000000000010001000000000
0000000000000000000000000011111000000000
0000000000000000000000000000000000000000
0000000111111001111110000000000000000000
0000000100001001000010001111110000111100
0000000100001001000010001000010000100100
0000000111111001111110001000010000100100
0000111100001111000000001111110000100100
0000100100001001000000000000001110111100
0000111100001001000000000000001010000000
0000000000001001000000000000001010000000
0000000000001111000000000000001010000000
0000000000000000000000000000001110000000
