0000000000011110000000000000000000000000
0000000000010010000000000000000000000000
0000000000011110000000000000000000000000
0000000000000000000000000000000000000000
0000000001111000000000000000000000000000
0001111111001001111100000000000000000000
0001000011001001000111111100000000000000
0001000011001001000110000101110000000000
0001000011001001000111111101010000000000
0001111111111001111100000001010000000000
0000000000111111000000000001010000000000
0000000000100001000000011111110000111100
0000000000000000000000010011111100100100
0000111110000000000000010011000100111100
0000100010000000000000010011111100000000
0000111110000000000000011110000000000000
0000000000000000000000000011100000000000
0000000000000000000000000010100000000000
0000000000000000000000000011100000000000
0000000000000000000000000000000000000000
