0000000000000000000000000000000000000000
0000000000000000000000000000000000000000
0000000000000000000000000111100000000000
0000000011100000000000000100100111111000
0000000010100111100000000111100101101000
0000000010100100100000000000000101111000
0000000010100100100000000000000111000000
0000000011100100100000000000111100011100
0000000000000111100000000000000000010100
0000000000000000000000111110000000010100
0000000111000000000000100010000000010100
0000000101000000000000111110000000010100
0000000101000001111110000000000000011100
0000000101011101000010000000001111000000
0000000111010101000010000000001001000000
0000011111110101111110000000001111000000
0000010000110100000000000000000000000000
0000011111110100000000000000000000000000
0000000000011100000000000000000000000000
0000000000000000000000000000000000000000
