0000000000000000000000000111100000000000
0000111000000000111110000100100000000000
0000101000000000100010000100100000000000
0000111000000000100010000100100000000000
0000000000111100100010000100100000000000
0000000000100100111000000111100000000000
0000000000100100000000000000000000000000
0000000000100100000000000000000000000000
0000000000100100000111100000000000000000
1111000000111100000100100000000000000000
1001000000000000000111100000000011110000
1111000000000000000000111011100010010000
0000000000000000000000101010100010010000
0111100000000000000000101010100010010000
0100100000011110000000101010100010010000
0100100000010010000000101010100011110000
0100100000010010000000111011100000000000
0100100000010010000000000000000000000000
0111100000010010000000000000000000000000
0000000000011110000000000000000000000000
