1111000000000000000000000001111110011100
1001000000000000000000000001000010010100
1001000000000001111100000001000010010100
1111000000000001000100000001111110010100
0000000000000001111100000000000000011100
0000000111110000000000000111110000000000
0000000100010000000000000100010000000000
0000000100010000000000000100010000000111
0000000100010000000000000100010000000101
0000000111110000000000000100010000000111
0000000000011110000111000111110000000000
0000000000010010000101000000000000000000
0000000000010010000101000000000000000111
0111000000010010000111000000000000000101
0101000000010010000000011100000000000101
0101000000011110000000010100000000000111
0111000000000000000000010100000000000000
0000000000000000000000011100000000000000
0000000000000000000000000000000000000000
0000000000000000000000000000000000000000
