0000000000000000000000000000000000000000
0000001111000000000000111100000000000000
0000001001000000000000100100000000000000
0001111111000000000000100100000000000000
0001010000000000000000100100000000000000
0001010000000000000000100100000000000000
0001110000000000000000111100000000000000
0000000000000000000000000000000000000000
0000000000000000000000000000000000000000
0000000000000000000000000000000000000000
0000000000000000000000000000000000000000
0000000000000000000000000001110000000000
0000000000000000000000000001010000000000
0000011111100000001111100001011111100000
0000010000100000001000100001011000100000
0000011111100000001000100001011000100000
0000000000000000001000100001111000100000
0000000000000000001000100000001000100000
0000000000000000001111100000001111100000
0000000000000000000000000000000000000000
