0000000000000000000000000000000000000000
0011111000000000000000111000000000000000
0010001000000000000000101000000000000000
0010001000000000000000101011111100000000
0011111000000000000000111010000100000000
0000000000000000000000000010000100000000
0000000000000000000000000010000100000000
0001110000011110000000000011111100000000
0001010000010010000000000000000000000000
0001000000010010000000000000000111100000
0000000000011110000000000000000100100000
0000000000000000000111100000000100100000
0000000000000000000100100000000100100000
0000000000000000000100100000000111100000
0000000000000000000111100000000000000000
0000000000000000000000000000000000000000
0000000000000000000000000011111000000000
0000000000000000000000000010001000000000
0000000000000000000000000010001000000000
0000000000000000000000000011111000000000
