0000000000000000000000000000000000000000
0000000000000000000000000000000000000000
0000000000000000000000000000000000000000
0000000000000000000000000000000000000000
0000000000000000000000000000000000000000
0000000000000000000000000000000111110000
0000000000000000000000000000000100010000
0000000000000000000000000000000100010000
0000000000000000000000000000000111110000
0000000000000000000000000000000000000000
0000000000000000111110000000000000000000
0000001111110000100010000000000000000000
0000001000010000100010000000000000000000
0000001000010000100010000000000000000000
0000001000010000111110000000000000000000
0000001000010000000000000000000000000000
0000001111110000000000000000000000000000
0000000000000000000000000000000000000000
0000000000000000000000000000000000000000
0000000000000000000000000000000000000000
