         0         1         2         3         4         5         1   5.09902         2   5.38516
         1         0         1         2         3         4   1.41421   4.12311   2.23607   4.47214
         2         1         0         1         2         3   2.23607   3.16228   2.82843   3.60555
         3         2         1         0         1         2   3.16228   2.23607   3.60555   2.82843
         4         3         2         1         0         1   4.12311   1.41421   4.47214   2.23607
         5         4         3         2         1         0   5.09902         1   5.38516         2
         1   1.41421   2.23607   3.16228   4.12311   5.09902         0         5         1   5.09902
   5.09902   4.12311   3.16228   2.23607   1.41421         1         5         0   5.09902         1
         2   2.23607   2.82843   3.60555   4.47214   5.38516         1   5.09902         0         5
   5.38516   4.47214   3.60555   2.82843   2.23607         2   5.09902         1         5         0
