0000000000000000000000000000000000000000
0000000000000000000000000000000000000000
0000000000000000000000000000000000000000
0000000000000000000000000000000000000000
0000000000000000000000000000000000000000
0000000000000000000000000000000000000000
0000000000000000000000000000000000000000
0000000000000111110000000000000000000000
0000000000000100010000000000000000000000
0000000000000100010000000000000000000000
0000000000000100010000000000000000000000
0000000000000111110000000000000000000000
0000000000000000000000000000000000000000
0000000000000000000000000000000000000000
0000000000000000000000000000000000000000
0000000111110000000000000000000000000000
0000000100010000000000000000000000000000
0000000110000000000000000000000000000000
0000000000000000000000000000000000000000
0000000000000000000000000000000000000000
