0000000000000000000000000000000000000000
0000000000000000000000000000000000000000
0000000000000000000000000000000000000000
0000000000000000000000000000000000000000
0000000000000000000000000000000000000000
0000000000000000000000000000000000000000
0000000000000000000000000000000000000000
0000000000000000000000000000000111110000
0000000000000000000000000000000100010000
0000000000000000000000000000000000000000
0000000000000000000000000000000000000000
0000000000000000000000000000000000000000
0001111100000000000000000000000000000000
0001000100000000000000000000000000000000
0001000100000000000000000000000000000000
0001000100000000000000000000000000000000
0001000100000000000000000000000000000000
0001111100000000000000000000000000000000
0000000000000000000000000000000000000000
0000000000000000000000000000000000000000
