0000000000000000000000000000000000000000
0000000000000000000000000000000000000000
0000000000000000000000000000000000000000
0000000000000000000000000000000000000000
0000000000000000000000000000000000000000
0000000000000000000000000000000000000000
0000000000000000000000000000000000000000
0000000000000000000000000000000000000000
0000000000000000000000000000000000000000
0000000000000000000000000000000000000000
0000000000000000000000000001111110000000
0000000000000000000000000001000010000000
0000000000000000000000000001000010000000
0000000000000000000000000001000010000000
0000000000000000000000000001000000001111
0000000000000000000000000000000000001001
0000000000000000000000000000000000001001
0000000000000000000000000000000000001111
0000000000000000000000000000000000000000
0000000000000000000000000000000000000000
