0000000000000000000000000000000000000000
0000111111000000000000000000000000000000
0000100001000000000000000000000000000000
0000111111000000011111100000000000000000
0000000000000000010000100000000000000000
0000000000000000010000100000000000000000
0000000000000000010000100000000000000000
0000000000000000011111100000000000000000
0000000000000000000000000000000000111100
0000000000000000000000000000000000100100
0000000000000000000000000000000000100100
0000000000000000000000000000000000100100
0110000000000000000000000000000000100100
0000000000000000000000000000000000111100
0000000000000000000000000000000000000000
0000000000000000000000000000000000000000
0000000000000000000000000000000000000000
0000000000000000000000000000000000000000
0000000000000000000000000000000000000000
0000000000000000000000000000000000000000
