0000000000000000000000000000000000000000
0000000000000000000000000000000000000000
0000000000000000000000000000000000000000
0000000000000000000000000000000000000000
0000000000000000000000000000000000000000
0000000000000000000111110000000000000000
0000000000000000000100010000000000000000
0000000000000000000100010000000001111100
0000000000000000000100010000000001000100
0000000000000000000100010000000001000100
0000000000000000000111000000000001000100
0000000000000000000000000000000001000100
0000000000000000000001111000000001111100
0000000000000000000001001000000000000000
0000000000000000000001001000000000000000
0000000000000000000001001000000000000000
0000000000000000000001001000000000000000
0000000000000000000001111000000000000000
0000000000000000000000000000000000000000
0000000000000000000000000000000000000000
