         0         1         2         3   30.1496   29.1548   28.1603   27.1662   17.2627   16.2788   15.2971   14.3178   30.2655   27.2947   17.4642   14.5602   9.84886   8.94427   8.06226    7.2111   6.40312   5.65685   30.4138   27.4591     17.72   14.8661   10.2956   6.40312   30.5941   27.6586   18.0278    17.088   16.1555   15.2315   10.8167    7.2111   30.8058   27.8927   11.4018   8.06226   31.0483   30.0832   29.1204   28.1603   12.0416   11.3137   10.6301        10   9.43398   8.94427
         1         0         1         2   31.1448   30.1496   29.1548   28.1603   18.2483   17.2627   16.2788   15.2971    31.257   28.2843   18.4391   15.5242   10.7703   9.84886   8.94427   8.06226    7.2111   6.40312   31.4006   28.4429   18.6815   15.8114   11.1803   7.07107   31.5753   28.6356   18.9737   18.0278    17.088   16.1555   11.6619   7.81025   31.7805   28.8617   12.2066   8.60233   32.0156   31.0483   30.0832   29.1204   12.8062   12.0416   11.3137   10.6301        10   9.43398
         2         1         0         1   32.1403   31.1448   30.1496   29.1548   19.2354   18.2483   17.2627   16.2788    32.249   29.2746   19.4165   16.4924   11.7047   10.7703   9.84886   8.94427   8.06226    7.2111   32.3883   29.4279   19.6469   16.7631    12.083   7.81025   32.5576   29.6142   19.9249   18.9737   18.0278    17.088     12.53   8.48528   32.7567   29.8329   13.0384   9.21954   32.9848   32.0156   31.0483   30.0832   13.6015   12.8062   12.0416   11.3137   10.6301        10
         3         2         1         0   33.1361   32.1403   31.1448   30.1496   20.2237   19.2354   18.2483   17.2627   33.2415   30.2655   20.3961   17.4642   12.6491   11.7047   10.7703   9.84886   8.94427   8.06226   33.3766   30.4138   20.6155     17.72        13   8.60233    33.541   30.5941   20.8806   19.9249   18.9737   18.0278   13.4164   9.21954   33.7343   30.8058   13.8924   9.89949   33.9559   32.9848   32.0156   31.0483   14.4222   13.6015   12.8062   12.0416   11.3137   10.6301
   30.1496   31.1448   32.1403   33.1361         0         1         2         3        13        14        15        16         1   3.16228   13.0384   16.0312   21.0238   22.0227   23.0217   24.0208     25.02   26.0192         2   3.60555   13.1529   16.1245    21.095   26.0768         3   4.24264   13.3417   14.3178   15.2971   16.2788   21.2132   26.1725         4         5   21.3776   26.3059         5   5.09902   5.38516   5.83095    21.587    22.561   23.5372   24.5153   25.4951   26.4764
   29.1548   30.1496   31.1448   32.1403         1         0         1         2        12        13        14        15   1.41421   2.23607   12.0416   15.0333    20.025   21.0238   22.0227   23.0217   24.0208     25.02   2.23607   2.82843   12.1655   15.1327   20.0998   25.0799   3.16228   3.60555   12.3693   13.3417   14.3178   15.2971   20.2237   25.1794   4.12311   4.47214   20.3961    25.318   5.09902         5   5.09902   5.38516   20.6155    21.587    22.561   23.5372   24.5153   25.4951
   28.1603   29.1548   30.1496   31.1448         2         1         0         1        11        12        13        14   2.23607   1.41421   11.0454   14.0357   19.0263    20.025   21.0238   22.0227   23.0217   24.0208   2.82843   2.23607   11.1803   14.1421    19.105   24.0832   3.60555   3.16228   11.4018   12.3693   13.3417   14.3178   19.2354   24.1868   4.47214   4.12311   19.4165   24.3311   5.38516   5.09902         5   5.09902   19.6469   20.6155    21.587    22.561   23.5372   24.5153
   27.1662   28.1603   29.1548   30.1496         3         2         1         0        10        11        12        13   3.16228         1   10.0499   13.0384   18.0278   19.0263    20.025   21.0238   22.0227   23.0217   3.60555         2    10.198   13.1529   18.1108   23.0868   4.24264         3   10.4403   11.4018   12.3693   13.3417   18.2483   23.1948         5         4   18.4391   23.3452   5.83095   5.38516   5.09902         5   18.6815   19.6469   20.6155    21.587    22.561   23.5372
   17.2627   18.2483   19.2354   20.2237        13        12        11        10         0         1         2         3   13.0384   10.0499         1   3.16228   8.06226   9.05539   10.0499   11.0454   12.0416   13.0384   13.1529    10.198         2   3.60555   8.24621   13.1529   13.3417   10.4403         3   3.16228   3.60555   4.24264     8.544   13.3417   13.6015   10.7703   8.94427   13.6015   13.9284        13    12.083   11.1803   9.43398   10.2956   11.1803    12.083        13   13.9284
   16.2788   17.2627   18.2483   19.2354        14        13        12        11         1         0         1         2   14.0357   11.0454   1.41421   2.23607   7.07107   8.06226   9.05539   10.0499   11.0454   12.0416   14.1421   11.1803   2.23607   2.82843   7.28011   12.1655   14.3178   11.4018   3.16228         3   3.16228   3.60555   7.61577   12.3693   14.5602   11.7047   8.06226   12.6491   14.8661   13.9284        13    12.083   8.60233   9.43398   10.2956   11.1803    12.083        13
   15.2971   16.2788   17.2627   18.2483        15        14        13        12         2         1         0         1   15.0333   12.0416   2.23607   1.41421   6.08276   7.07107   8.06226   9.05539   10.0499   11.0454   15.1327   12.1655   2.82843   2.23607   6.32456   11.1803   15.2971   12.3693   3.60555   3.16228         3   3.16228    6.7082   11.4018   15.5242   12.6491    7.2111   11.7047   15.8114   14.8661   13.9284        13   7.81025   8.60233   9.43398   10.2956   11.1803    12.083
   14.3178   15.2971   16.2788   17.2627        16        15        14        13         3         2         1         0   16.0312   13.0384   3.16228         1   5.09902   6.08276   7.07107   8.06226   9.05539   10.0499   16.1245   13.1529   3.60555         2   5.38516    10.198   16.2788   13.3417   4.24264   3.60555   3.16228         3   5.83095   10.4403   16.4924   13.6015   6.40312   10.7703   16.7631   15.8114   14.8661   13.9284   7.07107   7.81025   8.60233   9.43398   10.2956   11.1803
   30.2655    31.257    32.249   33.2415         1   1.41421   2.23607   3.16228   13.0384   14.0357   15.0333   16.0312         0         3        13        16        21        22        23        24        25        26         1   3.16228   13.0384   16.0312   21.0238   26.0192         2   3.60555   13.1529   14.1421   15.1327   16.1245    21.095   26.0768         3   4.24264   21.2132   26.1725         4   4.12311   4.47214         5   21.3776   22.3607   23.3452   24.3311    25.318   26.3059
   27.2947   28.2843   29.2746   30.2655   3.16228   2.23607   1.41421         1   10.0499   11.0454   12.0416   13.0384         3         0        10        13        18        19        20        21        22        23   3.16228         1   10.0499   13.0384   18.0278   23.0217   3.60555         2    10.198   11.1803   12.1655   13.1529   18.1108   23.0868   4.24264         3   18.2483   23.1948         5   4.47214   4.12311         4   18.4391   19.4165   20.3961   21.3776   22.3607   23.3452
   17.4642   18.4391   19.4165   20.3961   13.0384   12.0416   11.0454   10.0499         1   1.41421   2.23607   3.16228        13        10         0         3         8         9        10        11        12        13   13.0384   10.0499         1   3.16228   8.06226   13.0384   13.1529    10.198         2   2.23607   2.82843   3.60555   8.24621   13.1529   13.3417   10.4403     8.544   13.3417   13.6015   12.6491   11.7047   10.7703   8.94427   9.84886   10.7703   11.7047   12.6491   13.6015
   14.5602   15.5242   16.4924   17.4642   16.0312   15.0333   14.0357   13.0384   3.16228   2.23607   1.41421         1        16        13         3         0         5         6         7         8         9        10   16.0312   13.0384   3.16228         1   5.09902   10.0499   16.1245   13.1529   3.60555   2.82843   2.23607         2   5.38516    10.198   16.2788   13.3417   5.83095   10.4403   16.4924   15.5242   14.5602   13.6015   6.40312    7.2111   8.06226   8.94427   9.84886   10.7703
   9.84886   10.7703   11.7047   12.6491   21.0238    20.025   19.0263   18.0278   8.06226   7.07107   6.08276   5.09902        21        18         8         5         0         1         2         3         4         5   21.0238   18.0278   8.06226   5.09902         1   5.09902    21.095   18.1108   8.24621   7.28011   6.32456   5.38516         2   5.38516   21.2132   18.2483         3   5.83095   21.3776   20.3961   19.4165   18.4391         4   4.12311   4.47214         5   5.65685   6.40312
   8.94427   9.84886   10.7703   11.7047   22.0227   21.0238    20.025   19.0263   9.05539   8.06226   7.07107   6.08276        22        19         9         6         1         0         1         2         3         4   22.0227   19.0263   9.05539   6.08276   1.41421   4.12311   22.0907    19.105   9.21954   8.24621   7.28011   6.32456   2.23607   4.47214   22.2036   19.2354   3.16228         5   22.3607   21.3776   20.3961   19.4165   4.12311         4   4.12311   4.47214         5   5.65685
   8.06226   8.94427   9.84886   10.7703   23.0217   22.0227   21.0238    20.025   10.0499   9.05539   8.06226   7.07107        23        20        10         7         2         1         0         1         2         3   23.0217    20.025   10.0499   7.07107   2.23607   3.16228   23.0868   20.0998    10.198   9.21954   8.24621   7.28011   2.82843   3.60555   23.1948   20.2237   3.60555   4.24264   23.3452   22.3607   21.3776   20.3961   4.47214   4.12311         4   4.12311   4.47214         5
    7.2111   8.06226   8.94427   9.84886   24.0208   23.0217   22.0227   21.0238   11.0454   10.0499   9.05539   8.06226        24        21        11         8         3         2         1         0         1         2   24.0208   21.0238   11.0454   8.06226   3.16228   2.23607   24.0832    21.095   11.1803    10.198   9.21954   8.24621   3.60555   2.82843   24.1868   21.2132   4.24264   3.60555   24.3311   23.3452   22.3607   21.3776         5   4.47214   4.12311         4   4.12311   4.47214
   6.40312    7.2111   8.06226   8.94427     25.02   24.0208   23.0217   22.0227   12.0416   11.0454   10.0499   9.05539        25        22        12         9         4         3         2         1         0         1     25.02   22.0227   12.0416   9.05539   4.12311   1.41421   25.0799   22.0907   12.1655   11.1803    10.198   9.21954   4.47214   2.23607   25.1794   22.2036         5   3.16228    25.318   24.3311   23.3452   22.3607   5.65685         5   4.47214   4.12311         4   4.12311
   5.65685   6.40312    7.2111   8.06226   26.0192     25.02   24.0208   23.0217   13.0384   12.0416   11.0454   10.0499        26        23        13        10         5         4         3         2         1         0   26.0192   23.0217   13.0384   10.0499   5.09902         1   26.0768   23.0868   13.1529   12.1655   11.1803    10.198   5.38516         2   26.1725   23.1948   5.83095         3   26.3059    25.318   24.3311   23.3452   6.40312   5.65685         5   4.47214   4.12311         4
   30.4138   31.4006   32.3883   33.3766         2   2.23607   2.82843   3.60555   13.1529   14.1421   15.1327   16.1245         1   3.16228   13.0384   16.0312   21.0238   22.0227   23.0217   24.0208     25.02   26.0192         0         3        13        16        21        26         1   3.16228   13.0384   14.0357   15.0333   16.0312   21.0238   26.0192         2   3.60555    21.095   26.0768         3   3.16228   3.60555   4.24264   21.2132   22.2036   23.1948   24.1868   25.1794   26.1725
   27.4591   28.4429   29.4279   30.4138   3.60555   2.82843   2.23607         2    10.198   11.1803   12.1655   13.1529   3.16228         1   10.0499   13.0384   18.0278   19.0263    20.025   21.0238   22.0227   23.0217         3         0        10        13        18        23   3.16228         1   10.0499   11.0454   12.0416   13.0384   18.0278   23.0217   3.60555         2   18.1108   23.0868   4.24264   3.60555   3.16228         3   18.2483   19.2354   20.2237   21.2132   22.2036   23.1948
     17.72   18.6815   19.6469   20.6155   13.1529   12.1655   11.1803    10.198         2   2.23607   2.82843   3.60555   13.0384   10.0499         1   3.16228   8.06226   9.05539   10.0499   11.0454   12.0416   13.0384        13        10         0         3         8        13   13.0384   10.0499         1   1.41421   2.23607   3.16228   8.06226   13.0384   13.1529    10.198   8.24621   13.1529   13.3417   12.3693   11.4018   10.4403     8.544   9.48683   10.4403   11.4018   12.3693   13.3417
   14.8661   15.8114   16.7631     17.72   16.1245   15.1327   14.1421   13.1529   3.60555   2.82843   2.23607         2   16.0312   13.0384   3.16228         1   5.09902   6.08276   7.07107   8.06226   9.05539   10.0499        16        13         3         0         5        10   16.0312   13.0384   3.16228   2.23607   1.41421         1   5.09902   10.0499   16.1245   13.1529   5.38516    10.198   16.2788   15.2971   14.3178   13.3417   5.83095    6.7082   7.61577     8.544   9.48683   10.4403
   10.2956   11.1803    12.083        13    21.095   20.0998    19.105   18.1108   8.24621   7.28011   6.32456   5.38516   21.0238   18.0278   8.06226   5.09902         1   1.41421   2.23607   3.16228   4.12311   5.09902        21        18         8         5         0         5   21.0238   18.0278   8.06226   7.07107   6.08276   5.09902         1   5.09902    21.095   18.1108         2   5.38516   21.2132   20.2237   19.2354   18.2483         3   3.16228   3.60555   4.24264         5   5.83095
   6.40312   7.07107   7.81025   8.60233   26.0768   25.0799   24.0832   23.0868   13.1529   12.1655   11.1803    10.198   26.0192   23.0217   13.0384   10.0499   5.09902   4.12311   3.16228   2.23607   1.41421         1        26        23        13        10         5         0   26.0192   23.0217   13.0384   12.0416   11.0454   10.0499   5.09902         1   26.0768   23.0868   5.38516         2   26.1725   25.1794   24.1868   23.1948   5.83095         5   4.24264   3.60555   3.16228         3
   30.5941   31.5753   32.5576    33.541         3   3.16228   3.60555   4.24264   13.3417   14.3178   15.2971   16.2788         2   3.60555   13.1529   16.1245    21.095   22.0907   23.0868   24.0832   25.0799   26.0768         1   3.16228   13.0384   16.0312   21.0238   26.0192         0         3        13        14        15        16        21        26         1   3.16228   21.0238   26.0192         2   2.23607   2.82843   3.60555    21.095   22.0907   23.0868   24.0832   25.0799   26.0768
   27.6586   28.6356   29.6142   30.5941   4.24264   3.60555   3.16228         3   10.4403   11.4018   12.3693   13.3417   3.60555         2    10.198   13.1529   18.1108    19.105   20.0998    21.095   22.0907   23.0868   3.16228         1   10.0499   13.0384   18.0278   23.0217         3         0        10        11        12        13        18        23   3.16228         1   18.0278   23.0217   3.60555   2.82843   2.23607         2   18.1108    19.105   20.0998    21.095   22.0907   23.0868
   18.0278   18.9737   19.9249   20.8806   13.3417   12.3693   11.4018   10.4403         3   3.16228   3.60555   4.24264   13.1529    10.198         2   3.60555   8.24621   9.21954    10.198   11.1803   12.1655   13.1529   13.0384   10.0499         1   3.16228   8.06226   13.0384        13        10         0         1         2         3         8        13   13.0384   10.0499   8.06226   13.0384   13.1529   12.1655   11.1803    10.198   8.24621   9.21954    10.198   11.1803   12.1655   13.1529
    17.088   18.0278   18.9737   19.9249   14.3178   13.3417   12.3693   11.4018   3.16228         3   3.16228   3.60555   14.1421   11.1803   2.23607   2.82843   7.28011   8.24621   9.21954    10.198   11.1803   12.1655   14.0357   11.0454   1.41421   2.23607   7.07107   12.0416        14        11         1         0         1         2         7        12   14.0357   11.0454   7.07107   12.0416   14.1421   13.1529   12.1655   11.1803   7.28011   8.24621   9.21954    10.198   11.1803   12.1655
   16.1555    17.088   18.0278   18.9737   15.2971   14.3178   13.3417   12.3693   3.60555   3.16228         3   3.16228   15.1327   12.1655   2.82843   2.23607   6.32456   7.28011   8.24621   9.21954    10.198   11.1803   15.0333   12.0416   2.23607   1.41421   6.08276   11.0454        15        12         2         1         0         1         6        11   15.0333   12.0416   6.08276   11.0454   15.1327   14.1421   13.1529   12.1655   6.32456   7.28011   8.24621   9.21954    10.198   11.1803
   15.2315   16.1555    17.088   18.0278   16.2788   15.2971   14.3178   13.3417   4.24264   3.60555   3.16228         3   16.1245   13.1529   3.60555         2   5.38516   6.32456   7.28011   8.24621   9.21954    10.198   16.0312   13.0384   3.16228         1   5.09902   10.0499        16        13         3         2         1         0         5        10   16.0312   13.0384   5.09902   10.0499   16.1245   15.1327   14.1421   13.1529   5.38516   6.32456   7.28011   8.24621   9.21954    10.198
   10.8167   11.6619     12.53   13.4164   21.2132   20.2237   19.2354   18.2483     8.544   7.61577    6.7082   5.83095    21.095   18.1108   8.24621   5.38516         2   2.23607   2.82843   3.60555   4.47214   5.38516   21.0238   18.0278   8.06226   5.09902         1   5.09902        21        18         8         7         6         5         0         5   21.0238   18.0278         1   5.09902    21.095   20.0998    19.105   18.1108         2   2.23607   2.82843   3.60555   4.47214   5.38516
    7.2111   7.81025   8.48528   9.21954   26.1725   25.1794   24.1868   23.1948   13.3417   12.3693   11.4018   10.4403   26.0768   23.0868   13.1529    10.198   5.38516   4.47214   3.60555   2.82843   2.23607         2   26.0192   23.0217   13.0384   10.0499   5.09902         1        26        23        13        12        11        10         5         0   26.0192   23.0217   5.09902         1   26.0768   25.0799   24.0832   23.0868   5.38516   4.47214   3.60555   2.82843   2.23607         2
   30.8058   31.7805   32.7567   33.7343         4   4.12311   4.47214         5   13.6015   14.5602   15.5242   16.4924         3   4.24264   13.3417   16.2788   21.2132   22.2036   23.1948   24.1868   25.1794   26.1725         2   3.60555   13.1529   16.1245    21.095   26.0768         1   3.16228   13.0384   14.0357   15.0333   16.0312   21.0238   26.0192         0         3        21        26         1   1.41421   2.23607   3.16228   21.0238   22.0227   23.0217   24.0208     25.02   26.0192
   27.8927   28.8617   29.8329   30.8058         5   4.47214   4.12311         4   10.7703   11.7047   12.6491   13.6015   4.24264         3   10.4403   13.3417   18.2483   19.2354   20.2237   21.2132   22.2036   23.1948   3.60555         2    10.198   13.1529   18.1108   23.0868   3.16228         1   10.0499   11.0454   12.0416   13.0384   18.0278   23.0217         3         0        18        23   3.16228   2.23607   1.41421         1   18.0278   19.0263    20.025   21.0238   22.0227   23.0217
   11.4018   12.2066   13.0384   13.8924   21.3776   20.3961   19.4165   18.4391   8.94427   8.06226    7.2111   6.40312   21.2132   18.2483     8.544   5.83095         3   3.16228   3.60555   4.24264         5   5.83095    21.095   18.1108   8.24621   5.38516         2   5.38516   21.0238   18.0278   8.06226   7.07107   6.08276   5.09902         1   5.09902        21        18         0         5   21.0238    20.025   19.0263   18.0278         1   1.41421   2.23607   3.16228   4.12311   5.09902
   8.06226   8.60233   9.21954   9.89949   26.3059    25.318   24.3311   23.3452   13.6015   12.6491   11.7047   10.7703   26.1725   23.1948   13.3417   10.4403   5.83095         5   4.24264   3.60555   3.16228         3   26.0768   23.0868   13.1529    10.198   5.38516         2   26.0192   23.0217   13.0384   12.0416   11.0454   10.0499   5.09902         1        26        23         5         0   26.0192     25.02   24.0208   23.0217   5.09902   4.12311   3.16228   2.23607   1.41421         1
   31.0483   32.0156   32.9848   33.9559         5   5.09902   5.38516   5.83095   13.9284   14.8661   15.8114   16.7631         4         5   13.6015   16.4924   21.3776   22.3607   23.3452   24.3311    25.318   26.3059         3   4.24264   13.3417   16.2788   21.2132   26.1725         2   3.60555   13.1529   14.1421   15.1327   16.1245    21.095   26.0768         1   3.16228   21.0238   26.0192         0         1         2         3        21        22        23        24        25        26
   30.0832   31.0483   32.0156   32.9848   5.09902         5   5.09902   5.38516        13   13.9284   14.8661   15.8114   4.12311   4.47214   12.6491   15.5242   20.3961   21.3776   22.3607   23.3452   24.3311    25.318   3.16228   3.60555   12.3693   15.2971   20.2237   25.1794   2.23607   2.82843   12.1655   13.1529   14.1421   15.1327   20.0998   25.0799   1.41421   2.23607    20.025     25.02         1         0         1         2        20        21        22        23        24        25
   29.1204   30.0832   31.0483   32.0156   5.38516   5.09902         5   5.09902    12.083        13   13.9284   14.8661   4.47214   4.12311   11.7047   14.5602   19.4165   20.3961   21.3776   22.3607   23.3452   24.3311   3.60555   3.16228   11.4018   14.3178   19.2354   24.1868   2.82843   2.23607   11.1803   12.1655   13.1529   14.1421    19.105   24.0832   2.23607   1.41421   19.0263   24.0208         2         1         0         1        19        20        21        22        23        24
   28.1603   29.1204   30.0832   31.0483   5.83095   5.38516   5.09902         5   11.1803    12.083        13   13.9284         5         4   10.7703   13.6015   18.4391   19.4165   20.3961   21.3776   22.3607   23.3452   4.24264         3   10.4403   13.3417   18.2483   23.1948   3.60555         2    10.198   11.1803   12.1655   13.1529   18.1108   23.0868   3.16228         1   18.0278   23.0217         3         2         1         0        18        19        20        21        22        23
   12.0416   12.8062   13.6015   14.4222    21.587   20.6155   19.6469   18.6815   9.43398   8.60233   7.81025   7.07107   21.3776   18.4391   8.94427   6.40312         4   4.12311   4.47214         5   5.65685   6.40312   21.2132   18.2483     8.544   5.83095         3   5.83095    21.095   18.1108   8.24621   7.28011   6.32456   5.38516         2   5.38516   21.0238   18.0278         1   5.09902        21        20        19        18         0         1         2         3         4         5
   11.3137   12.0416   12.8062   13.6015    22.561    21.587   20.6155   19.6469   10.2956   9.43398   8.60233   7.81025   22.3607   19.4165   9.84886    7.2111   4.12311         4   4.12311   4.47214         5   5.65685   22.2036   19.2354   9.48683    6.7082   3.16228         5   22.0907    19.105   9.21954   8.24621   7.28011   6.32456   2.23607   4.47214   22.0227   19.0263   1.41421   4.12311        22        21        20        19         1         0         1         2         3         4
   10.6301   11.3137   12.0416   12.8062   23.5372    22.561    21.587   20.6155   11.1803   10.2956   9.43398   8.60233   23.3452   20.3961   10.7703   8.06226   4.47214   4.12311         4   4.12311   4.47214         5   23.1948   20.2237   10.4403   7.61577   3.60555   4.24264   23.0868   20.0998    10.198   9.21954   8.24621   7.28011   2.82843   3.60555   23.0217    20.025   2.23607   3.16228        23        22        21        20         2         1         0         1         2         3
        10   10.6301   11.3137   12.0416   24.5153   23.5372    22.561    21.587    12.083   11.1803   10.2956   9.43398   24.3311   21.3776   11.7047   8.94427         5   4.47214   4.12311         4   4.12311   4.47214   24.1868   21.2132   11.4018     8.544   4.24264   3.60555   24.0832    21.095   11.1803    10.198   9.21954   8.24621   3.60555   2.82843   24.0208   21.0238   3.16228   2.23607        24        23        22        21         3         2         1         0         1         2
   9.43398        10   10.6301   11.3137   25.4951   24.5153   23.5372    22.561        13    12.083   11.1803   10.2956    25.318   22.3607   12.6491   9.84886   5.65685         5   4.47214   4.12311         4   4.12311   25.1794   22.2036   12.3693   9.48683         5   3.16228   25.0799   22.0907   12.1655   11.1803    10.198   9.21954   4.47214   2.23607     25.02   22.0227   4.12311   1.41421        25        24        23        22         4         3         2         1         0         1
   8.94427   9.43398        10   10.6301   26.4764   25.4951   24.5153   23.5372   13.9284        13    12.083   11.1803   26.3059   23.3452   13.6015   10.7703   6.40312   5.65685         5   4.47214   4.12311         4   26.1725   23.1948   13.3417   10.4403   5.83095         3   26.0768   23.0868   13.1529   12.1655   11.1803    10.198   5.38516         2   26.0192   23.0217   5.09902         1        26        25        24        23         5         4         3         2         1         0
