0000000000000000000000000000000000000000
0000000000000000000000000000000000000000
0000000000000000000000000000000000000000
0000000000000000000000000111111000000000
0000000000000000000000000100001000000000
0000000000000000000000000100001000000000
0000000000000000000000000100001000000000
0000000000000000000000000111111000000000
0000000000000001111110000000000000000000
0000000000000001000010000000000000000000
0000000000000001000010000000000000000000
0000000000000001111000000000000001111100
0000000000000000000000000000000001000100
0000000000000000000000000000000001000100
0000000000000000000000000000000001000100
0000000000000000000000000000000001000100
0000000000000000000000000000000001111100
0000000000000000000000000000000000000000
0000000000000000000000000000000000000000
0000000000000000000000000000000000000000
