0000000000000000000000000000000111100000
0000000000000000000000000000000000000000
0000000000000000000000000000000000000000
0111100000000011110000000000000000000000
0100100000000010010000111111000000000000
0100100000000010010000100001000000000000
0100100000000011110000100001000000000000
0100100000000000000000100001000000000000
0111100000000000000000111111000000000000
0000000000000000000000000000000000000000
0000000000000000000000000000000000000000
0000000000000000000000000000000000000000
0000000000000000000000000000000000000000
0000000000000000000000000000000000000000
0000000000000000000000000000000000000000
0000000000000000000000000000000000000000
0000000000000000000000000000000000000000
0000000000000000000000000000000000000000
0000000000000000000000000000000000000000
0000000000000000000000000000000000000000
