         0         1         2         3         4         1   4.12311         2   4.47214         3   3.16228   3.60555   4.24264         5   15.8114   14.8661   13.9284        13    12.083   25.7099   24.7386   23.7697   22.8035   21.8403   20.8806   16.1555     12.53   25.9615   21.1896   16.5529   13.0384   26.2488   21.5407        17   13.6015   26.5707   21.9317   17.4929   16.6433   15.8114        15   14.2127   26.9258   22.3607    27.313   26.4008   25.4951   24.5967   23.7065   22.8254
         1         0         1         2         3   1.41421   3.16228   2.23607   3.60555   3.16228         3   3.16228   3.60555   4.24264   16.7631   15.8114   14.8661   13.9284        13   26.6833   25.7099   24.7386   23.7697   22.8035   21.8403    17.088   13.4164   26.9258   22.1359   17.4642   13.8924   27.2029   22.4722   17.8885   14.4222   27.5136   22.8473   18.3576   17.4929   16.6433   15.8114        15   27.8568   23.2594   28.2312    27.313   26.4008   25.4951   24.5967   23.7065
         2         1         0         1         2   2.23607   2.23607   2.82843   2.82843   3.60555   3.16228         3   3.16228   3.60555     17.72   16.7631   15.8114   14.8661   13.9284   27.6586   26.6833   25.7099   24.7386   23.7697   22.8035   18.0278   14.3178   27.8927   23.0868   18.3848   14.7648   28.1603   23.4094   18.7883   15.2643   28.4605   23.7697   19.2354   18.3576   17.4929   16.6433   15.8114   28.7924   24.1661   29.1548   28.2312    27.313   26.4008   25.4951   24.5967
         3         2         1         0         1   3.16228   1.41421   3.60555   2.23607   4.24264   3.60555   3.16228         3   3.16228   18.6815     17.72   16.7631   15.8114   14.8661   28.6356   27.6586   26.6833   25.7099   24.7386   23.7697   18.9737   15.2315   28.8617   24.0416   19.3132   15.6525   29.1204   24.3516   19.6977   16.1245   29.4109   24.6982   20.1246   19.2354   18.3576   17.4929   16.6433   29.7321   25.0799   30.0832   29.1548   28.2312    27.313   26.4008   25.4951
         4         3         2         1         0   4.12311         1   4.47214         2         5   4.24264   3.60555   3.16228         3   19.6469   18.6815     17.72   16.7631   15.8114   29.6142   28.6356   27.6586   26.6833   25.7099   24.7386   19.9249   16.1555   29.8329        25   20.2485   16.5529   30.0832   25.2982   20.6155        17   30.3645    25.632   21.0238   20.1246   19.2354   18.3576   17.4929   30.6757        26   31.0161   30.0832   29.1548   28.2312    27.313   26.4008
         1   1.41421   2.23607   3.16228   4.12311         0         4         1   4.12311         2   2.23607   2.82843   3.60555   4.47214   15.5242   14.5602   13.6015   12.6491   11.7047   25.4951   24.5153   23.5372    22.561    21.587   20.6155   15.8114    12.083   25.7099   20.8806   16.1555     12.53   25.9615   21.1896   16.5529   13.0384   26.2488   21.5407        17   16.1245   15.2643   14.4222   13.6015   26.5707   21.9317   26.9258        26   25.0799   24.1661   23.2594   22.3607
   4.12311   3.16228   2.23607   1.41421         1         4         0   4.12311         1   4.47214   3.60555   2.82843   2.23607         2   19.4165   18.4391   17.4642   16.4924   15.5242   29.4279   28.4429   27.4591   26.4764   25.4951   24.5153   19.6469   15.8114   29.6142   24.7386   19.9249   16.1555   29.8329        25   20.2485   16.5529   30.0832   25.2982   20.6155   19.6977   18.7883   17.8885        17   30.3645    25.632   30.6757   29.7321   28.7924   27.8568   26.9258        26
         2   2.23607   2.82843   3.60555   4.47214         1   4.12311         0         4         1   1.41421   2.23607   3.16228   4.12311   15.2971   14.3178   13.3417   12.3693   11.4018    25.318   24.3311   23.3452   22.3607   21.3776   20.3961   15.5242   11.7047   25.4951   20.6155   15.8114    12.083   25.7099   20.8806   16.1555     12.53   25.9615   21.1896   16.5529   15.6525   14.7648   13.8924   13.0384   26.2488   21.5407   26.5707    25.632   24.6982   23.7697   22.8473   21.9317
   4.47214   3.60555   2.82843   2.23607         2   4.12311         1         4         0   4.12311   3.16228   2.23607   1.41421         1   19.2354   18.2483   17.2627   16.2788   15.2971   29.2746   28.2843   27.2947   26.3059    25.318   24.3311   19.4165   15.5242   29.4279   24.5153   19.6469   15.8114   29.6142   24.7386   19.9249   16.1555   29.8329        25   20.2485   19.3132   18.3848   17.4642   16.5529   30.0832   25.2982   30.3645   29.4109   28.4605   27.5136   26.5707    25.632
         3   3.16228   3.60555   4.24264         5         2   4.47214         1   4.12311         0         1         2         3         4   15.1327   14.1421   13.1529   12.1655   11.1803   25.1794   24.1868   23.1948   22.2036   21.2132   20.2237   15.2971   11.4018    25.318   20.3961   15.5242   11.7047   25.4951   20.6155   15.8114    12.083   25.7099   20.8806   16.1555   15.2315   14.3178   13.4164     12.53   25.9615   21.1896   26.2488   25.2982   24.3516   23.4094   22.4722   21.5407
   3.16228         3   3.16228   3.60555   4.24264   2.23607   3.60555   1.41421   3.16228         1         0         1         2         3   16.1245   15.1327   14.1421   13.1529   12.1655   26.1725   25.1794   24.1868   23.1948   22.2036   21.2132   16.2788   12.3693   26.3059   21.3776   16.4924   12.6491   26.4764    21.587   16.7631        13   26.6833   21.8403    17.088   16.1555   15.2315   14.3178   13.4164   26.9258   22.1359   27.2029   26.2488   25.2982   24.3516   23.4094   22.4722
   3.60555   3.16228         3   3.16228   3.60555   2.82843   2.82843   2.23607   2.23607         2         1         0         1         2   17.1172   16.1245   15.1327   14.1421   13.1529   27.1662   26.1725   25.1794   24.1868   23.1948   22.2036   17.2627   13.3417   27.2947   22.3607   17.4642   13.6015   27.4591    22.561     17.72   13.9284   27.6586   22.8035   18.0278    17.088   16.1555   15.2315   14.3178   27.8927   23.0868   28.1603   27.2029   26.2488   25.2982   24.3516   23.4094
   4.24264   3.60555   3.16228         3   3.16228   3.60555   2.23607   3.16228   1.41421         3         2         1         0         1   18.1108   17.1172   16.1245   15.1327   14.1421   28.1603   27.1662   26.1725   25.1794   24.1868   23.1948   18.2483   14.3178   28.2843   23.3452   18.4391   14.5602   28.4429   23.5372   18.6815   14.8661   28.6356   23.7697   18.9737   18.0278    17.088   16.1555   15.2315   28.8617   24.0416   29.1204   28.1603   27.2029   26.2488   25.2982   24.3516
         5   4.24264   3.60555   3.16228         3   4.47214         2   4.12311         1         4         3         2         1         0    19.105   18.1108   17.1172   16.1245   15.1327   29.1548   28.1603   27.1662   26.1725   25.1794   24.1868   19.2354   15.2971   29.2746   24.3311   19.4165   15.5242   29.4279   24.5153   19.6469   15.8114   29.6142   24.7386   19.9249   18.9737   18.0278    17.088   16.1555   29.8329        25   30.0832   29.1204   28.1603   27.2029   26.2488   25.2982
   15.8114   16.7631     17.72   18.6815   19.6469   15.5242   19.4165   15.2971   19.2354   15.1327   16.1245   17.1172   18.1108    19.105         0         1         2         3         4   10.0499   9.05539   8.06226   7.07107   6.08276   5.09902         1   4.12311    10.198   5.38516         2   4.47214   10.4403   5.83095         3         5   10.7703   6.40312         4   4.12311   4.47214         5   5.65685   11.1803   7.07107   11.6619   10.8167        10   9.21954   8.48528   7.81025
   14.8661   15.8114   16.7631     17.72   18.6815   14.5602   18.4391   14.3178   18.2483   14.1421   15.1327   16.1245   17.1172   18.1108         1         0         1         2         3   11.0454   10.0499   9.05539   8.06226   7.07107   6.08276   1.41421   3.16228   11.1803   6.32456   2.23607   3.60555   11.4018    6.7082   3.16228   4.24264   11.7047    7.2111   4.12311         4   4.12311   4.47214         5    12.083   7.81025     12.53   11.6619   10.8167        10   9.21954   8.48528
   13.9284   14.8661   15.8114   16.7631     17.72   13.6015   17.4642   13.3417   17.2627   13.1529   14.1421   15.1327   16.1245   17.1172         2         1         0         1         2   12.0416   11.0454   10.0499   9.05539   8.06226   7.07107   2.23607   2.23607   12.1655   7.28011   2.82843   2.82843   12.3693   7.61577   3.60555   3.60555   12.6491   8.06226   4.47214   4.12311         4   4.12311   4.47214        13   8.60233   13.4164     12.53   11.6619   10.8167        10   9.21954
        13   13.9284   14.8661   15.8114   16.7631   12.6491   16.4924   12.3693   16.2788   12.1655   13.1529   14.1421   15.1327   16.1245         3         2         1         0         1   13.0384   12.0416   11.0454   10.0499   9.05539   8.06226   3.16228   1.41421   13.1529   8.24621   3.60555   2.23607   13.3417     8.544   4.24264   3.16228   13.6015   8.94427         5   4.47214   4.12311         4   4.12311   13.9284   9.43398   14.3178   13.4164     12.53   11.6619   10.8167        10
    12.083        13   13.9284   14.8661   15.8114   11.7047   15.5242   11.4018   15.2971   11.1803   12.1655   13.1529   14.1421   15.1327         4         3         2         1         0   14.0357   13.0384   12.0416   11.0454   10.0499   9.05539   4.12311         1   14.1421   9.21954   4.47214         2   14.3178   9.48683         5         3   14.5602   9.84886   5.65685         5   4.47214   4.12311         4   14.8661   10.2956   15.2315   14.3178   13.4164     12.53   11.6619   10.8167
   25.7099   26.6833   27.6586   28.6356   29.6142   25.4951   29.4279    25.318   29.2746   25.1794   26.1725   27.1662   28.1603   29.1548   10.0499   11.0454   12.0416   13.0384   14.0357         0         1         2         3         4         5        10        14         1   5.09902   10.0499   14.0357         2   5.38516    10.198   14.1421         3   5.83095   10.4403   11.4018   12.3693   13.3417   14.3178         4   6.40312         5   5.09902   5.38516   5.83095   6.40312   7.07107
   24.7386   25.7099   26.6833   27.6586   28.6356   24.5153   28.4429   24.3311   28.2843   24.1868   25.1794   26.1725   27.1662   28.1603   9.05539   10.0499   11.0454   12.0416   13.0384         1         0         1         2         3         4         9        13   1.41421   4.12311   9.05539   13.0384   2.23607   4.47214   9.21954   13.1529   3.16228         5   9.48683   10.4403   11.4018   12.3693   13.3417   4.12311   5.65685   5.09902         5   5.09902   5.38516   5.83095   6.40312
   23.7697   24.7386   25.7099   26.6833   27.6586   23.5372   27.4591   23.3452   27.2947   23.1948   24.1868   25.1794   26.1725   27.1662   8.06226   9.05539   10.0499   11.0454   12.0416         2         1         0         1         2         3         8        12   2.23607   3.16228   8.06226   12.0416   2.82843   3.60555   8.24621   12.1655   3.60555   4.24264     8.544   9.48683   10.4403   11.4018   12.3693   4.47214         5   5.38516   5.09902         5   5.09902   5.38516   5.83095
   22.8035   23.7697   24.7386   25.7099   26.6833    22.561   26.4764   22.3607   26.3059   22.2036   23.1948   24.1868   25.1794   26.1725   7.07107   8.06226   9.05539   10.0499   11.0454         3         2         1         0         1         2         7        11   3.16228   2.23607   7.07107   11.0454   3.60555   2.82843   7.28011   11.1803   4.24264   3.60555   7.61577     8.544   9.48683   10.4403   11.4018         5   4.47214   5.83095   5.38516   5.09902         5   5.09902   5.38516
   21.8403   22.8035   23.7697   24.7386   25.7099    21.587   25.4951   21.3776    25.318   21.2132   22.2036   23.1948   24.1868   25.1794   6.08276   7.07107   8.06226   9.05539   10.0499         4         3         2         1         0         1         6        10   4.12311   1.41421   6.08276   10.0499   4.47214   2.23607   6.32456    10.198         5   3.16228    6.7082   7.61577     8.544   9.48683   10.4403   5.65685   4.12311   6.40312   5.83095   5.38516   5.09902         5   5.09902
   20.8806   21.8403   22.8035   23.7697   24.7386   20.6155   24.5153   20.3961   24.3311   20.2237   21.2132   22.2036   23.1948   24.1868   5.09902   6.08276   7.07107   8.06226   9.05539         5         4         3         2         1         0         5         9   5.09902         1   5.09902   9.05539   5.38516         2   5.38516   9.21954   5.83095         3   5.83095    6.7082   7.61577     8.544   9.48683   6.40312         4   7.07107   6.40312   5.83095   5.38516   5.09902         5
   16.1555    17.088   18.0278   18.9737   19.9249   15.8114   19.6469   15.5242   19.4165   15.2971   16.2788   17.2627   18.2483   19.2354         1   1.41421   2.23607   3.16228   4.12311        10         9         8         7         6         5         0         4   10.0499   5.09902         1   4.12311    10.198   5.38516         2   4.47214   10.4403   5.83095         3   3.16228   3.60555   4.24264         5   10.7703   6.40312   11.1803   10.2956   9.43398   8.60233   7.81025   7.07107
     12.53   13.4164   14.3178   15.2315   16.1555    12.083   15.8114   11.7047   15.5242   11.4018   12.3693   13.3417   14.3178   15.2971   4.12311   3.16228   2.23607   1.41421         1        14        13        12        11        10         9         4         0   14.0357   9.05539   4.12311         1   14.1421   9.21954   4.47214         2   14.3178   9.48683         5   4.24264   3.60555   3.16228         3   14.5602   9.84886   14.8661   13.9284        13    12.083   11.1803   10.2956
   25.9615   26.9258   27.8927   28.8617   29.8329   25.7099   29.6142   25.4951   29.4279    25.318   26.3059   27.2947   28.2843   29.2746    10.198   11.1803   12.1655   13.1529   14.1421         1   1.41421   2.23607   3.16228   4.12311   5.09902   10.0499   14.0357         0         5        10        14         1   5.09902   10.0499   14.0357         2   5.38516    10.198   11.1803   12.1655   13.1529   14.1421         3   5.83095         4   4.12311   4.47214         5   5.65685   6.40312
   21.1896   22.1359   23.0868   24.0416        25   20.8806   24.7386   20.6155   24.5153   20.3961   21.3776   22.3607   23.3452   24.3311   5.38516   6.32456   7.28011   8.24621   9.21954   5.09902   4.12311   3.16228   2.23607   1.41421         1   5.09902   9.05539         5         0         5         9   5.09902         1   5.09902   9.05539   5.38516         2   5.38516   6.32456   7.28011   8.24621   9.21954   5.83095         3   6.40312   5.65685         5   4.47214   4.12311         4
   16.5529   17.4642   18.3848   19.3132   20.2485   16.1555   19.9249   15.8114   19.6469   15.5242   16.4924   17.4642   18.4391   19.4165         2   2.23607   2.82843   3.60555   4.47214   10.0499   9.05539   8.06226   7.07107   6.08276   5.09902         1   4.12311        10         5         0         4   10.0499   5.09902         1   4.12311    10.198   5.38516         2   2.23607   2.82843   3.60555   4.47214   10.4403   5.83095   10.7703   9.84886   8.94427   8.06226    7.2111   6.40312
   13.0384   13.8924   14.7648   15.6525   16.5529     12.53   16.1555    12.083   15.8114   11.7047   12.6491   13.6015   14.5602   15.5242   4.47214   3.60555   2.82843   2.23607         2   14.0357   13.0384   12.0416   11.0454   10.0499   9.05539   4.12311         1        14         9         4         0   14.0357   9.05539   4.12311         1   14.1421   9.21954   4.47214   3.60555   2.82843   2.23607         2   14.3178   9.48683   14.5602   13.6015   12.6491   11.7047   10.7703   9.84886
   26.2488   27.2029   28.1603   29.1204   30.0832   25.9615   29.8329   25.7099   29.6142   25.4951   26.4764   27.4591   28.4429   29.4279   10.4403   11.4018   12.3693   13.3417   14.3178         2   2.23607   2.82843   3.60555   4.47214   5.38516    10.198   14.1421         1   5.09902   10.0499   14.0357         0         5        10        14         1   5.09902   10.0499   11.0454   12.0416   13.0384   14.0357         2   5.38516         3   3.16228   3.60555   4.24264         5   5.83095
   21.5407   22.4722   23.4094   24.3516   25.2982   21.1896        25   20.8806   24.7386   20.6155    21.587    22.561   23.5372   24.5153   5.83095    6.7082   7.61577     8.544   9.48683   5.38516   4.47214   3.60555   2.82843   2.23607         2   5.38516   9.21954   5.09902         1   5.09902   9.05539         5         0         5         9   5.09902         1   5.09902   6.08276   7.07107   8.06226   9.05539   5.38516         2   5.83095         5   4.24264   3.60555   3.16228         3
        17   17.8885   18.7883   19.6977   20.6155   16.5529   20.2485   16.1555   19.9249   15.8114   16.7631     17.72   18.6815   19.6469         3   3.16228   3.60555   4.24264         5    10.198   9.21954   8.24621   7.28011   6.32456   5.38516         2   4.47214   10.0499   5.09902         1   4.12311        10         5         0         4   10.0499   5.09902         1   1.41421   2.23607   3.16228   4.12311    10.198   5.38516   10.4403   9.48683     8.544   7.61577    6.7082   5.83095
   13.6015   14.4222   15.2643   16.1245        17   13.0384   16.5529     12.53   16.1555    12.083        13   13.9284   14.8661   15.8114         5   4.24264   3.60555   3.16228         3   14.1421   13.1529   12.1655   11.1803    10.198   9.21954   4.47214         2   14.0357   9.05539   4.12311         1        14         9         4         0   14.0357   9.05539   4.12311   3.16228   2.23607   1.41421         1   14.1421   9.21954   14.3178   13.3417   12.3693   11.4018   10.4403   9.48683
   26.5707   27.5136   28.4605   29.4109   30.3645   26.2488   30.0832   25.9615   29.8329   25.7099   26.6833   27.6586   28.6356   29.6142   10.7703   11.7047   12.6491   13.6015   14.5602         3   3.16228   3.60555   4.24264         5   5.83095   10.4403   14.3178         2   5.38516    10.198   14.1421         1   5.09902   10.0499   14.0357         0         5        10        11        12        13        14         1   5.09902         2   2.23607   2.82843   3.60555   4.47214   5.38516
   21.9317   22.8473   23.7697   24.6982    25.632   21.5407   25.2982   21.1896        25   20.8806   21.8403   22.8035   23.7697   24.7386   6.40312    7.2111   8.06226   8.94427   9.84886   5.83095         5   4.24264   3.60555   3.16228         3   5.83095   9.48683   5.38516         2   5.38516   9.21954   5.09902         1   5.09902   9.05539         5         0         5         6         7         8         9   5.09902         1   5.38516   4.47214   3.60555   2.82843   2.23607         2
   17.4929   18.3576   19.2354   20.1246   21.0238        17   20.6155   16.5529   20.2485   16.1555    17.088   18.0278   18.9737   19.9249         4   4.12311   4.47214         5   5.65685   10.4403   9.48683     8.544   7.61577    6.7082   5.83095         3         5    10.198   5.38516         2   4.47214   10.0499   5.09902         1   4.12311        10         5         0         1         2         3         4   10.0499   5.09902    10.198   9.21954   8.24621   7.28011   6.32456   5.38516
   16.6433   17.4929   18.3576   19.2354   20.1246   16.1245   19.6977   15.6525   19.3132   15.2315   16.1555    17.088   18.0278   18.9737   4.12311         4   4.12311   4.47214         5   11.4018   10.4403   9.48683     8.544   7.61577    6.7082   3.16228   4.24264   11.1803   6.32456   2.23607   3.60555   11.0454   6.08276   1.41421   3.16228        11         6         1         0         1         2         3   11.0454   6.08276   11.1803    10.198   9.21954   8.24621   7.28011   6.32456
   15.8114   16.6433   17.4929   18.3576   19.2354   15.2643   18.7883   14.7648   18.3848   14.3178   15.2315   16.1555    17.088   18.0278   4.47214   4.12311         4   4.12311   4.47214   12.3693   11.4018   10.4403   9.48683     8.544   7.61577   3.60555   3.60555   12.1655   7.28011   2.82843   2.82843   12.0416   7.07107   2.23607   2.23607        12         7         2         1         0         1         2   12.0416   7.07107   12.1655   11.1803    10.198   9.21954   8.24621   7.28011
        15   15.8114   16.6433   17.4929   18.3576   14.4222   17.8885   13.8924   17.4642   13.4164   14.3178   15.2315   16.1555    17.088         5   4.47214   4.12311         4   4.12311   13.3417   12.3693   11.4018   10.4403   9.48683     8.544   4.24264   3.16228   13.1529   8.24621   3.60555   2.23607   13.0384   8.06226   3.16228   1.41421        13         8         3         2         1         0         1   13.0384   8.06226   13.1529   12.1655   11.1803    10.198   9.21954   8.24621
   14.2127        15   15.8114   16.6433   17.4929   13.6015        17   13.0384   16.5529     12.53   13.4164   14.3178   15.2315   16.1555   5.65685         5   4.47214   4.12311         4   14.3178   13.3417   12.3693   11.4018   10.4403   9.48683         5         3   14.1421   9.21954   4.47214         2   14.0357   9.05539   4.12311         1        14         9         4         3         2         1         0   14.0357   9.05539   14.1421   13.1529   12.1655   11.1803    10.198   9.21954
   26.9258   27.8568   28.7924   29.7321   30.6757   26.5707   30.3645   26.2488   30.0832   25.9615   26.9258   27.8927   28.8617   29.8329   11.1803    12.083        13   13.9284   14.8661         4   4.12311   4.47214         5   5.65685   6.40312   10.7703   14.5602         3   5.83095   10.4403   14.3178         2   5.38516    10.198   14.1421         1   5.09902   10.0499   11.0454   12.0416   13.0384   14.0357         0         5         1   1.41421   2.23607   3.16228   4.12311   5.09902
   22.3607   23.2594   24.1661   25.0799        26   21.9317    25.632   21.5407   25.2982   21.1896   22.1359   23.0868   24.0416        25   7.07107   7.81025   8.60233   9.43398   10.2956   6.40312   5.65685         5   4.47214   4.12311         4   6.40312   9.84886   5.83095         3   5.83095   9.48683   5.38516         2   5.38516   9.21954   5.09902         1   5.09902   6.08276   7.07107   8.06226   9.05539         5         0   5.09902   4.12311   3.16228   2.23607   1.41421         1
    27.313   28.2312   29.1548   30.0832   31.0161   26.9258   30.6757   26.5707   30.3645   26.2488   27.2029   28.1603   29.1204   30.0832   11.6619     12.53   13.4164   14.3178   15.2315         5   5.09902   5.38516   5.83095   6.40312   7.07107   11.1803   14.8661         4   6.40312   10.7703   14.5602         3   5.83095   10.4403   14.3178         2   5.38516    10.198   11.1803   12.1655   13.1529   14.1421         1   5.09902         0         1         2         3         4         5
   26.4008    27.313   28.2312   29.1548   30.0832        26   29.7321    25.632   29.4109   25.2982   26.2488   27.2029   28.1603   29.1204   10.8167   11.6619     12.53   13.4164   14.3178   5.09902         5   5.09902   5.38516   5.83095   6.40312   10.2956   13.9284   4.12311   5.65685   9.84886   13.6015   3.16228         5   9.48683   13.3417   2.23607   4.47214   9.21954    10.198   11.1803   12.1655   13.1529   1.41421   4.12311         1         0         1         2         3         4
   25.4951   26.4008    27.313   28.2312   29.1548   25.0799   28.7924   24.6982   28.4605   24.3516   25.2982   26.2488   27.2029   28.1603        10   10.8167   11.6619     12.53   13.4164   5.38516   5.09902         5   5.09902   5.38516   5.83095   9.43398        13   4.47214         5   8.94427   12.6491   3.60555   4.24264     8.544   12.3693   2.82843   3.60555   8.24621   9.21954    10.198   11.1803   12.1655   2.23607   3.16228         2         1         0         1         2         3
   24.5967   25.4951   26.4008    27.313   28.2312   24.1661   27.8568   23.7697   27.5136   23.4094   24.3516   25.2982   26.2488   27.2029   9.21954        10   10.8167   11.6619     12.53   5.83095   5.38516   5.09902         5   5.09902   5.38516   8.60233    12.083         5   4.47214   8.06226   11.7047   4.24264   3.60555   7.61577   11.4018   3.60555   2.82843   7.28011   8.24621   9.21954    10.198   11.1803   3.16228   2.23607         3         2         1         0         1         2
   23.7065   24.5967   25.4951   26.4008    27.313   23.2594   26.9258   22.8473   26.5707   22.4722   23.4094   24.3516   25.2982   26.2488   8.48528   9.21954        10   10.8167   11.6619   6.40312   5.83095   5.38516   5.09902         5   5.09902   7.81025   11.1803   5.65685   4.12311    7.2111   10.7703         5   3.16228    6.7082   10.4403   4.47214   2.23607   6.32456   7.28011   8.24621   9.21954    10.198   4.12311   1.41421         4         3         2         1         0         1
   22.8254   23.7065   24.5967   25.4951   26.4008   22.3607        26   21.9317    25.632   21.5407   22.4722   23.4094   24.3516   25.2982   7.81025   8.48528   9.21954        10   10.8167   7.07107   6.40312   5.83095   5.38516   5.09902         5   7.07107   10.2956   6.40312         4   6.40312   9.84886   5.83095         3   5.83095   9.48683   5.38516         2   5.38516   6.32456   7.28011   8.24621   9.21954   5.09902         1         5         4         3         2         1         0
