         0         1         2         3         4         5         1   5.09902         2   5.38516         3   5.83095         4   4.12311   4.47214         5   5.65685   6.40312   11.1803   10.2956   9.43398   8.60233   7.81025   7.07107   11.6619   7.81025   12.2066   8.60233   12.8062   12.0416   11.3137   10.6301   11.3137   12.0416   12.8062   13.6015   14.4222   12.0416        15   12.8062   15.6205   13.6015   16.2788   14.4222   16.9706   15.2643   15.8114   16.4012   17.0294   17.6918
         1         0         1         2         3         4   1.41421   4.12311   2.23607   4.47214   3.16228         5   4.12311         4   4.12311   4.47214         5   5.65685    12.083   11.1803   10.2956   9.43398   8.60233   7.81025     12.53   8.48528   13.0384   9.21954   13.6015   12.8062   12.0416   11.3137   10.6301   11.3137   12.0416   12.8062   13.6015   11.4018   14.2127   12.2066   14.8661   13.0384   15.5563   13.8924   16.2788   14.7648   15.2643   15.8114   16.4012   17.0294
         2         1         0         1         2         3   2.23607   3.16228   2.82843   3.60555   3.60555   4.24264   4.47214   4.12311         4   4.12311   4.47214         5        13    12.083   11.1803   10.2956   9.43398   8.60233   13.4164   9.21954   13.8924   9.89949   14.4222   13.6015   12.8062   12.0416        10   10.6301   11.3137   12.0416   12.8062   10.8167   13.4536   11.6619   14.1421     12.53   14.8661   13.4164   15.6205   14.3178   14.7648   15.2643   15.8114   16.4012
         3         2         1         0         1         2   3.16228   2.23607   3.60555   2.82843   4.24264   3.60555         5   4.47214   4.12311         4   4.12311   4.47214   13.9284        13    12.083   11.1803   10.2956   9.43398   14.3178        10   14.7648   10.6301   15.2643   14.4222   13.6015   12.8062   9.43398        10   10.6301   11.3137   12.0416   10.2956   12.7279   11.1803   13.4536    12.083   14.2127        13        15   13.9284   14.3178   14.7648   15.2643   15.8114
         4         3         2         1         0         1   4.12311   1.41421   4.47214   2.23607         5   3.16228   5.65685         5   4.47214   4.12311         4   4.12311   14.8661   13.9284        13    12.083   11.1803   10.2956   15.2315   10.8167   15.6525   11.4018   16.1245   15.2643   14.4222   13.6015   8.94427   9.43398        10   10.6301   11.3137   9.84886   12.0416   10.7703   12.8062   11.7047   13.6015   12.6491   14.4222   13.6015   13.9284   14.3178   14.7648   15.2643
         5         4         3         2         1         0   5.09902         1   5.38516         2   5.83095         3   6.40312   5.65685         5   4.47214   4.12311         4   15.8114   14.8661   13.9284        13    12.083   11.1803   16.1555   11.6619   16.5529   12.2066        17   16.1245   15.2643   14.4222     8.544   8.94427   9.43398        10   10.6301   9.48683   11.4018   10.4403   12.2066   11.4018   13.0384   12.3693   13.8924   13.3417   13.6015   13.9284   14.3178   14.7648
         1   1.41421   2.23607   3.16228   4.12311   5.09902         0         5         1   5.09902         2   5.38516         3   3.16228   3.60555   4.24264         5   5.83095   10.7703   9.84886   8.94427   8.06226    7.2111   6.40312   11.1803   7.07107   11.6619   7.81025   12.2066   11.4018   10.6301   9.89949   10.6301   11.4018   12.2066   13.0384   13.8924   11.3137   14.4222   12.0416        15   12.8062   15.6205   13.6015   16.2788   14.4222        15   15.6205   16.2788   16.9706
   5.09902   4.12311   3.16228   2.23607   1.41421         1         5         0   5.09902         1   5.38516         2   5.83095         5   4.24264   3.60555   3.16228         3   15.5242   14.5602   13.6015   12.6491   11.7047   10.7703   15.8114   11.1803   16.1555   11.6619   16.5529   15.6525   14.7648   13.8924   7.61577   8.06226   8.60233   9.21954   9.89949     8.544   10.6301   9.48683   11.4018   10.4403   12.2066   11.4018   13.0384   12.3693   12.6491        13   13.4164   13.8924
         2   2.23607   2.82843   3.60555   4.47214   5.38516         1   5.09902         0         5         1   5.09902         2   2.23607   2.82843   3.60555   4.47214   5.38516   10.4403   9.48683     8.544   7.61577    6.7082   5.83095   10.7703   6.40312   11.1803   7.07107   11.6619   10.8167        10   9.21954        10   10.8167   11.6619     12.53   13.4164   10.6301   13.8924   11.3137   14.4222   12.0416        15   12.8062   15.6205   13.6015   14.2127   14.8661   15.5563   16.2788
   5.38516   4.47214   3.60555   2.82843   2.23607         2   5.09902         1         5         0   5.09902         1   5.38516   4.47214   3.60555   2.82843   2.23607         2   15.2971   14.3178   13.3417   12.3693   11.4018   10.4403   15.5242   10.7703   15.8114   11.1803   16.1555   15.2315   14.3178   13.4164    6.7082    7.2111   7.81025   8.48528   9.21954   7.61577   9.89949     8.544   10.6301   9.48683   11.4018   10.4403   12.2066   11.4018   11.7047    12.083     12.53   13.0384
         3   3.16228   3.60555   4.24264         5   5.83095         2   5.38516         1   5.09902         0         5         1   1.41421   2.23607   3.16228   4.12311   5.09902    10.198   9.21954   8.24621   7.28011   6.32456   5.38516   10.4403   5.83095   10.7703   6.40312   11.1803   10.2956   9.43398   8.60233   9.43398   10.2956   11.1803    12.083        13        10   13.4164   10.6301   13.8924   11.3137   14.4222   12.0416        15   12.8062   13.4536   14.1421   14.8661   15.6205
   5.83095         5   4.24264   3.60555   3.16228         3   5.38516         2   5.09902         1         5         0   5.09902   4.12311   3.16228   2.23607   1.41421         1   15.1327   14.1421   13.1529   12.1655   11.1803    10.198   15.2971   10.4403   15.5242   10.7703   15.8114   14.8661   13.9284        13   5.83095   6.40312   7.07107   7.81025   8.60233    6.7082   9.21954   7.61577   9.89949     8.544   10.6301   9.48683   11.4018   10.4403   10.7703   11.1803   11.6619   12.2066
         4   4.12311   4.47214         5   5.65685   6.40312         3   5.83095         2   5.38516         1   5.09902         0         1         2         3         4         5   10.0499   9.05539   8.06226   7.07107   6.08276   5.09902    10.198   5.38516   10.4403   5.83095   10.7703   9.84886   8.94427   8.06226   8.94427   9.84886   10.7703   11.7047   12.6491   9.43398        13        10   13.4164   10.6301   13.8924   11.3137   14.4222   12.0416   12.7279   13.4536   14.2127        15
   4.12311         4   4.12311   4.47214         5   5.65685   3.16228         5   2.23607   4.47214   1.41421   4.12311         1         0         1         2         3         4   11.0454   10.0499   9.05539   8.06226   7.07107   6.08276   11.1803   6.32456   11.4018    6.7082   11.7047   10.7703   9.84886   8.94427   8.06226   8.94427   9.84886   10.7703   11.7047   8.60233    12.083   9.21954     12.53   9.89949   13.0384   10.6301   13.6015   11.4018   12.0416   12.7279   13.4536   14.2127
   4.47214   4.12311         4   4.12311   4.47214         5   3.60555   4.24264   2.82843   3.60555   2.23607   3.16228         2         1         0         1         2         3   12.0416   11.0454   10.0499   9.05539   8.06226   7.07107   12.1655   7.28011   12.3693   7.61577   12.6491   11.7047   10.7703   9.84886    7.2111   8.06226   8.94427   9.84886   10.7703   7.81025   11.1803   8.48528   11.6619   9.21954   12.2066        10   12.8062   10.8167   11.4018   12.0416   12.7279   13.4536
         5   4.47214   4.12311         4   4.12311   4.47214   4.24264   3.60555   3.60555   2.82843   3.16228   2.23607         3         2         1         0         1         2   13.0384   12.0416   11.0454   10.0499   9.05539   8.06226   13.1529   8.24621   13.3417     8.544   13.6015   12.6491   11.7047   10.7703   6.40312    7.2111   8.06226   8.94427   9.84886   7.07107   10.2956   7.81025   10.8167   8.60233   11.4018   9.43398   12.0416   10.2956   10.8167   11.4018   12.0416   12.7279
   5.65685         5   4.47214   4.12311         4   4.12311         5   3.16228   4.47214   2.23607   4.12311   1.41421         4         3         2         1         0         1   14.0357   13.0384   12.0416   11.0454   10.0499   9.05539   14.1421   9.21954   14.3178   9.48683   14.5602   13.6015   12.6491   11.7047   5.65685   6.40312    7.2111   8.06226   8.94427   6.40312   9.43398    7.2111        10   8.06226   10.6301   8.94427   11.3137   9.84886   10.2956   10.8167   11.4018   12.0416
   6.40312   5.65685         5   4.47214   4.12311         4   5.83095         3   5.38516         2   5.09902         1         5         4         3         2         1         0   15.0333   14.0357   13.0384   12.0416   11.0454   10.0499   15.1327    10.198   15.2971   10.4403   15.5242   14.5602   13.6015   12.6491         5   5.65685   6.40312    7.2111   8.06226   5.83095   8.60233    6.7082   9.21954   7.61577   9.89949     8.544   10.6301   9.48683   9.84886   10.2956   10.8167   11.4018
   11.1803    12.083        13   13.9284   14.8661   15.8114   10.7703   15.5242   10.4403   15.2971    10.198   15.1327   10.0499   11.0454   12.0416   13.0384   14.0357   15.0333         0         1         2         3         4         5         1   5.09902         2   5.38516         3   3.16228   3.60555   4.24264   18.2483   19.2354   20.2237   21.2132   22.2036   18.4391   22.3607   18.6815    22.561   18.9737   22.8035   19.3132   23.0868   19.6977   20.6155   21.5407   22.4722   23.4094
   10.2956   11.1803    12.083        13   13.9284   14.8661   9.84886   14.5602   9.48683   14.3178   9.21954   14.1421   9.05539   10.0499   11.0454   12.0416   13.0384   14.0357         1         0         1         2         3         4   1.41421   4.12311   2.23607   4.47214   3.16228         3   3.16228   3.60555   17.2627   18.2483   19.2354   20.2237   21.2132   17.4642   21.3776     17.72    21.587   18.0278   21.8403   18.3848   22.1359   18.7883   19.6977   20.6155   21.5407   22.4722
   9.43398   10.2956   11.1803    12.083        13   13.9284   8.94427   13.6015     8.544   13.3417   8.24621   13.1529   8.06226   9.05539   10.0499   11.0454   12.0416   13.0384         2         1         0         1         2         3   2.23607   3.16228   2.82843   3.60555   3.60555   3.16228         3   3.16228   16.2788   17.2627   18.2483   19.2354   20.2237   16.4924   20.3961   16.7631   20.6155    17.088   20.8806   17.4642   21.1896   17.8885   18.7883   19.6977   20.6155   21.5407
   8.60233   9.43398   10.2956   11.1803    12.083        13   8.06226   12.6491   7.61577   12.3693   7.28011   12.1655   7.07107   8.06226   9.05539   10.0499   11.0454   12.0416         3         2         1         0         1         2   3.16228   2.23607   3.60555   2.82843   4.24264   3.60555   3.16228         3   15.2971   16.2788   17.2627   18.2483   19.2354   15.5242   19.4165   15.8114   19.6469   16.1555   19.9249   16.5529   20.2485        17   17.8885   18.7883   19.6977   20.6155
   7.81025   8.60233   9.43398   10.2956   11.1803    12.083    7.2111   11.7047    6.7082   11.4018   6.32456   11.1803   6.08276   7.07107   8.06226   9.05539   10.0499   11.0454         4         3         2         1         0         1   4.12311   1.41421   4.47214   2.23607         5   4.24264   3.60555   3.16228   14.3178   15.2971   16.2788   17.2627   18.2483   14.5602   18.4391   14.8661   18.6815   15.2315   18.9737   15.6525   19.3132   16.1245        17   17.8885   18.7883   19.6977
   7.07107   7.81025   8.60233   9.43398   10.2956   11.1803   6.40312   10.7703   5.83095   10.4403   5.38516    10.198   5.09902   6.08276   7.07107   8.06226   9.05539   10.0499         5         4         3         2         1         0   5.09902         1   5.38516         2   5.83095         5   4.24264   3.60555   13.3417   14.3178   15.2971   16.2788   17.2627   13.6015   17.4642   13.9284     17.72   14.3178   18.0278   14.7648   18.3848   15.2643   16.1245        17   17.8885   18.7883
   11.6619     12.53   13.4164   14.3178   15.2315   16.1555   11.1803   15.8114   10.7703   15.5242   10.4403   15.2971    10.198   11.1803   12.1655   13.1529   14.1421   15.1327         1   1.41421   2.23607   3.16228   4.12311   5.09902         0         5         1   5.09902         2   2.23607   2.82843   3.60555   18.1108    19.105   20.0998    21.095   22.0907   18.2483   22.2036   18.4391   22.3607   18.6815    22.561   18.9737   22.8035   19.3132   20.2485   21.1896   22.1359   23.0868
   7.81025   8.48528   9.21954        10   10.8167   11.6619   7.07107   11.1803   6.40312   10.7703   5.83095   10.4403   5.38516   6.32456   7.28011   8.24621   9.21954    10.198   5.09902   4.12311   3.16228   2.23607   1.41421         1         5         0   5.09902         1   5.38516   4.47214   3.60555   2.82843   13.1529   14.1421   15.1327   16.1245   17.1172   13.3417   17.2627   13.6015   17.4642   13.9284     17.72   14.3178   18.0278   14.7648   15.6525   16.5529   17.4642   18.3848
   12.2066   13.0384   13.8924   14.7648   15.6525   16.5529   11.6619   16.1555   11.1803   15.8114   10.7703   15.5242   10.4403   11.4018   12.3693   13.3417   14.3178   15.2971         2   2.23607   2.82843   3.60555   4.47214   5.38516         1   5.09902         0         5         1   1.41421   2.23607   3.16228   18.0278   19.0263    20.025   21.0238   22.0227   18.1108   22.0907   18.2483   22.2036   18.4391   22.3607   18.6815    22.561   18.9737   19.9249   20.8806   21.8403   22.8035
   8.60233   9.21954   9.89949   10.6301   11.4018   12.2066   7.81025   11.6619   7.07107   11.1803   6.40312   10.7703   5.83095    6.7082   7.61577     8.544   9.48683   10.4403   5.38516   4.47214   3.60555   2.82843   2.23607         2   5.09902         1         5         0   5.09902   4.12311   3.16228   2.23607   13.0384   14.0357   15.0333   16.0312   17.0294   13.1529   17.1172   13.3417   17.2627   13.6015   17.4642   13.9284     17.72   14.3178   15.2315   16.1555    17.088   18.0278
   12.8062   13.6015   14.4222   15.2643   16.1245        17   12.2066   16.5529   11.6619   16.1555   11.1803   15.8114   10.7703   11.7047   12.6491   13.6015   14.5602   15.5242         3   3.16228   3.60555   4.24264         5   5.83095         2   5.38516         1   5.09902         0         1         2         3        18        19        20        21        22   18.0278   22.0227   18.1108   22.0907   18.2483   22.2036   18.4391   22.3607   18.6815   19.6469   20.6155    21.587    22.561
   12.0416   12.8062   13.6015   14.4222   15.2643   16.1245   11.4018   15.6525   10.8167   15.2315   10.2956   14.8661   9.84886   10.7703   11.7047   12.6491   13.6015   14.5602   3.16228         3   3.16228   3.60555   4.24264         5   2.23607   4.47214   1.41421   4.12311         1         0         1         2        17        18        19        20        21   17.0294   21.0238   17.1172    21.095   17.2627   21.2132   17.4642   21.3776     17.72   18.6815   19.6469   20.6155    21.587
   11.3137   12.0416   12.8062   13.6015   14.4222   15.2643   10.6301   14.7648        10   14.3178   9.43398   13.9284   8.94427   9.84886   10.7703   11.7047   12.6491   13.6015   3.60555   3.16228         3   3.16228   3.60555   4.24264   2.82843   3.60555   2.23607   3.16228         2         1         0         1        16        17        18        19        20   16.0312    20.025   16.1245   20.0998   16.2788   20.2237   16.4924   20.3961   16.7631     17.72   18.6815   19.6469   20.6155
   10.6301   11.3137   12.0416   12.8062   13.6015   14.4222   9.89949   13.8924   9.21954   13.4164   8.60233        13   8.06226   8.94427   9.84886   10.7703   11.7047   12.6491   4.24264   3.60555   3.16228         3   3.16228   3.60555   3.60555   2.82843   3.16228   2.23607         3         2         1         0        15        16        17        18        19   15.0333   19.0263   15.1327    19.105   15.2971   19.2354   15.5242   19.4165   15.8114   16.7631     17.72   18.6815   19.6469
   11.3137   10.6301        10   9.43398   8.94427     8.544   10.6301   7.61577        10    6.7082   9.43398   5.83095   8.94427   8.06226    7.2111   6.40312   5.65685         5   18.2483   17.2627   16.2788   15.2971   14.3178   13.3417   18.1108   13.1529   18.0278   13.0384        18        17        16        15         0         1         2         3         4         1   4.12311         2   4.47214         3         5         4   5.65685         5   5.09902   5.38516   5.83095   6.40312
   12.0416   11.3137   10.6301        10   9.43398   8.94427   11.4018   8.06226   10.8167    7.2111   10.2956   6.40312   9.84886   8.94427   8.06226    7.2111   6.40312   5.65685   19.2354   18.2483   17.2627   16.2788   15.2971   14.3178    19.105   14.1421   19.0263   14.0357        19        18        17        16         1         0         1         2         3   1.41421   3.16228   2.23607   3.60555   3.16228   4.24264   4.12311         5   5.09902         5   5.09902   5.38516   5.83095
   12.8062   12.0416   11.3137   10.6301        10   9.43398   12.2066   8.60233   11.6619   7.81025   11.1803   7.07107   10.7703   9.84886   8.94427   8.06226    7.2111   6.40312   20.2237   19.2354   18.2483   17.2627   16.2788   15.2971   20.0998   15.1327    20.025   15.0333        20        19        18        17         2         1         0         1         2   2.23607   2.23607   2.82843   2.82843   3.60555   3.60555   4.47214   4.47214   5.38516   5.09902         5   5.09902   5.38516
   13.6015   12.8062   12.0416   11.3137   10.6301        10   13.0384   9.21954     12.53   8.48528    12.083   7.81025   11.7047   10.7703   9.84886   8.94427   8.06226    7.2111   21.2132   20.2237   19.2354   18.2483   17.2627   16.2788    21.095   16.1245   21.0238   16.0312        21        20        19        18         3         2         1         0         1   3.16228   1.41421   3.60555   2.23607   4.24264   3.16228         5   4.12311   5.83095   5.38516   5.09902         5   5.09902
   14.4222   13.6015   12.8062   12.0416   11.3137   10.6301   13.8924   9.89949   13.4164   9.21954        13   8.60233   12.6491   11.7047   10.7703   9.84886   8.94427   8.06226   22.2036   21.2132   20.2237   19.2354   18.2483   17.2627   22.0907   17.1172   22.0227   17.0294        22        21        20        19         4         3         2         1         0   4.12311         1   4.47214         2         5         3   5.65685         4   6.40312   5.83095   5.38516   5.09902         5
   12.0416   11.4018   10.8167   10.2956   9.84886   9.48683   11.3137     8.544   10.6301   7.61577        10    6.7082   9.43398   8.60233   7.81025   7.07107   6.40312   5.83095   18.4391   17.4642   16.4924   15.5242   14.5602   13.6015   18.2483   13.3417   18.1108   13.1529   18.0278   17.0294   16.0312   15.0333         1   1.41421   2.23607   3.16228   4.12311         0         4         1   4.12311         2   4.47214         3         5         4   4.12311   4.47214         5   5.65685
        15   14.2127   13.4536   12.7279   12.0416   11.4018   14.4222   10.6301   13.8924   9.89949   13.4164   9.21954        13    12.083   11.1803   10.2956   9.43398   8.60233   22.3607   21.3776   20.3961   19.4165   18.4391   17.4642   22.2036   17.2627   22.0907   17.1172   22.0227   21.0238    20.025   19.0263   4.12311   3.16228   2.23607   1.41421         1         4         0   4.12311         1   4.47214         2         5         3   5.65685         5   4.47214   4.12311         4
   12.8062   12.2066   11.6619   11.1803   10.7703   10.4403   12.0416   9.48683   11.3137     8.544   10.6301   7.61577        10   9.21954   8.48528   7.81025    7.2111    6.7082   18.6815     17.72   16.7631   15.8114   14.8661   13.9284   18.4391   13.6015   18.2483   13.3417   18.1108   17.1172   16.1245   15.1327         2   2.23607   2.82843   3.60555   4.47214         1   4.12311         0         4         1   4.12311         2   4.47214         3   3.16228   3.60555   4.24264         5
   15.6205   14.8661   14.1421   13.4536   12.8062   12.2066        15   11.4018   14.4222   10.6301   13.8924   9.89949   13.4164     12.53   11.6619   10.8167        10   9.21954    22.561    21.587   20.6155   19.6469   18.6815     17.72   22.3607   17.4642   22.2036   17.2627   22.0907    21.095   20.0998    19.105   4.47214   3.60555   2.82843   2.23607         2   4.12311         1         4         0   4.12311         1   4.47214         2         5   4.24264   3.60555   3.16228         3
   13.6015   13.0384     12.53    12.083   11.7047   11.4018   12.8062   10.4403   12.0416   9.48683   11.3137     8.544   10.6301   9.89949   9.21954   8.60233   8.06226   7.61577   18.9737   18.0278    17.088   16.1555   15.2315   14.3178   18.6815   13.9284   18.4391   13.6015   18.2483   17.2627   16.2788   15.2971         3   3.16228   3.60555   4.24264         5         2   4.47214         1   4.12311         0         4         1   4.12311         2   2.23607   2.82843   3.60555   4.47214
   16.2788   15.5563   14.8661   14.2127   13.6015   13.0384   15.6205   12.2066        15   11.4018   14.4222   10.6301   13.8924   13.0384   12.2066   11.4018   10.6301   9.89949   22.8035   21.8403   20.8806   19.9249   18.9737   18.0278    22.561     17.72   22.3607   17.4642   22.2036   21.2132   20.2237   19.2354         5   4.24264   3.60555   3.16228         3   4.47214         2   4.12311         1         4         0   4.12311         1   4.47214   3.60555   2.82843   2.23607         2
   14.4222   13.8924   13.4164        13   12.6491   12.3693   13.6015   11.4018   12.8062   10.4403   12.0416   9.48683   11.3137   10.6301        10   9.43398   8.94427     8.544   19.3132   18.3848   17.4642   16.5529   15.6525   14.7648   18.9737   14.3178   18.6815   13.9284   18.4391   17.4642   16.4924   15.5242         4   4.12311   4.47214         5   5.65685         3         5         2   4.47214         1   4.12311         0         4         1   1.41421   2.23607   3.16228   4.12311
   16.9706   16.2788   15.6205        15   14.4222   13.8924   16.2788   13.0384   15.6205   12.2066        15   11.4018   14.4222   13.6015   12.8062   12.0416   11.3137   10.6301   23.0868   22.1359   21.1896   20.2485   19.3132   18.3848   22.8035   18.0278    22.561     17.72   22.3607   21.3776   20.3961   19.4165   5.65685         5   4.47214   4.12311         4         5         3   4.47214         2   4.12311         1         4         0   4.12311   3.16228   2.23607   1.41421         1
   15.2643   14.7648   14.3178   13.9284   13.6015   13.3417   14.4222   12.3693   13.6015   11.4018   12.8062   10.4403   12.0416   11.4018   10.8167   10.2956   9.84886   9.48683   19.6977   18.7883   17.8885        17   16.1245   15.2643   19.3132   14.7648   18.9737   14.3178   18.6815     17.72   16.7631   15.8114         5   5.09902   5.38516   5.83095   6.40312         4   5.65685         3         5         2   4.47214         1   4.12311         0         1         2         3         4
   15.8114   15.2643   14.7648   14.3178   13.9284   13.6015        15   12.6491   14.2127   11.7047   13.4536   10.7703   12.7279   12.0416   11.4018   10.8167   10.2956   9.84886   20.6155   19.6977   18.7883   17.8885        17   16.1245   20.2485   15.6525   19.9249   15.2315   19.6469   18.6815     17.72   16.7631   5.09902         5   5.09902   5.38516   5.83095   4.12311         5   3.16228   4.24264   2.23607   3.60555   1.41421   3.16228         1         0         1         2         3
   16.4012   15.8114   15.2643   14.7648   14.3178   13.9284   15.6205        13   14.8661    12.083   14.1421   11.1803   13.4536   12.7279   12.0416   11.4018   10.8167   10.2956   21.5407   20.6155   19.6977   18.7883   17.8885        17   21.1896   16.5529   20.8806   16.1555   20.6155   19.6469   18.6815     17.72   5.38516   5.09902         5   5.09902   5.38516   4.47214   4.47214   3.60555   3.60555   2.82843   2.82843   2.23607   2.23607         2         1         0         1         2
   17.0294   16.4012   15.8114   15.2643   14.7648   14.3178   16.2788   13.4164   15.5563     12.53   14.8661   11.6619   14.2127   13.4536   12.7279   12.0416   11.4018   10.8167   22.4722   21.5407   20.6155   19.6977   18.7883   17.8885   22.1359   17.4642   21.8403    17.088    21.587   20.6155   19.6469   18.6815   5.83095   5.38516   5.09902         5   5.09902         5   4.12311   4.24264   3.16228   3.60555   2.23607   3.16228   1.41421         3         2         1         0         1
   17.6918   17.0294   16.4012   15.8114   15.2643   14.7648   16.9706   13.8924   16.2788   13.0384   15.6205   12.2066        15   14.2127   13.4536   12.7279   12.0416   11.4018   23.4094   22.4722   21.5407   20.6155   19.6977   18.7883   23.0868   18.3848   22.8035   18.0278    22.561    21.587   20.6155   19.6469   6.40312   5.83095   5.38516   5.09902         5   5.65685         4         5         3   4.47214         2   4.12311         1         4         3         2         1         0
