         0         1         2         3         4         1   4.12311         2   4.47214   14.1421   15.1327   16.1245   17.1172   18.1108         3         5   14.3178   18.2483         4   5.65685   14.5602   18.4391         5   5.09902   5.38516   14.8661   18.6815   15.2315   18.9737   7.28011   7.61577   8.06226   8.60233   15.6525   16.5529   17.4642   18.3848   19.3132   8.24621   9.43398   9.21954   10.2956    10.198   11.1803   11.1803    12.083   12.1655   12.3693   12.6491        13
         1         0         1         2         3   1.41421   3.16228   2.23607   3.60555   13.1529   14.1421   15.1327   16.1245   17.1172   3.16228   4.24264   13.3417   17.2627   4.12311         5   13.6015   17.4642   5.09902         5   5.09902   13.9284     17.72   14.3178   18.0278   7.07107   7.28011   7.61577   8.06226   14.7648   15.6525   16.5529   17.4642   18.3848   8.06226   8.94427   9.05539   9.84886   10.0499   10.7703   11.0454   11.7047   12.0416   12.1655   12.3693   12.6491
         2         1         0         1         2   2.23607   2.23607   2.82843   2.82843   12.1655   13.1529   14.1421   15.1327   16.1245   3.60555   3.60555   12.3693   16.2788   4.47214   4.47214   12.6491   16.4924   5.38516   5.09902         5        13   16.7631   13.4164    17.088         7   7.07107   7.28011   7.61577   13.8924   14.7648   15.6525   16.5529   17.4642         8     8.544         9   9.48683        10   10.4403        11   11.4018        12   12.0416   12.1655   12.3693
         3         2         1         0         1   3.16228   1.41421   3.60555   2.23607   11.1803   12.1655   13.1529   14.1421   15.1327   4.24264   3.16228   11.4018   15.2971         5   4.12311   11.7047   15.5242   5.83095   5.38516   5.09902    12.083   15.8114     12.53   16.1555   7.07107         7   7.07107   7.28011   13.0384   13.8924   14.7648   15.6525   16.5529   8.06226   8.24621   9.05539   9.21954   10.0499    10.198   11.0454   11.1803   12.0416        12   12.0416   12.1655
         4         3         2         1         0   4.12311         1   4.47214         2    10.198   11.1803   12.1655   13.1529   14.1421         5         3   10.4403   14.3178   5.65685         4   10.7703   14.5602   6.40312   5.83095   5.38516   11.1803   14.8661   11.6619   15.2315   7.28011   7.07107         7   7.07107   12.2066   13.0384   13.8924   14.7648   15.6525   8.24621   8.06226   9.21954   9.05539    10.198   10.0499   11.1803   11.0454   12.1655   12.0416        12   12.0416
         1   1.41421   2.23607   3.16228   4.12311         0         4         1   4.12311   14.0357   15.0333   16.0312   17.0294   18.0278         2   4.47214   14.1421   18.1108         3         5   14.3178   18.2483         4   4.12311   4.47214   14.5602   18.4391   14.8661   18.6815   6.32456    6.7082    7.2111   7.81025   15.2315   16.1555    17.088   18.0278   18.9737   7.28011   8.60233   8.24621   9.43398   9.21954   10.2956    10.198   11.1803   11.1803   11.4018   11.7047    12.083
   4.12311   3.16228   2.23607   1.41421         1         4         0   4.12311         1   10.0499   11.0454   12.0416   13.0384   14.0357   4.47214         2    10.198   14.1421         5         3   10.4403   14.3178   5.65685         5   4.47214   10.7703   14.5602   11.1803   14.8661   6.32456   6.08276         6   6.08276   11.6619     12.53   13.4164   14.3178   15.2315   7.28011   7.07107   8.24621   8.06226   9.21954   9.05539    10.198   10.0499   11.1803   11.0454        11   11.0454
         2   2.23607   2.82843   3.60555   4.47214         1   4.12311         0         4        14        15        16        17        18         1   4.12311   14.0357   18.0278         2   4.47214   14.1421   18.1108         3   3.16228   3.60555   14.3178   18.2483   14.5602   18.4391   5.38516   5.83095   6.40312   7.07107   14.8661   15.8114   16.7631     17.72   18.6815   6.32456   7.81025   7.28011   8.60233   8.24621   9.43398   9.21954   10.2956    10.198   10.4403   10.7703   11.1803
   4.47214   3.60555   2.82843   2.23607         2   4.12311         1         4         0        10        11        12        13        14   4.12311         1   10.0499   14.0357   4.47214         2    10.198   14.1421         5   4.24264   3.60555   10.4403   14.3178   10.7703   14.5602   5.38516   5.09902         5   5.09902   11.1803    12.083        13   13.9284   14.8661   6.32456   6.08276   7.28011   7.07107   8.24621   8.06226   9.21954   9.05539    10.198   10.0499        10   10.0499
   14.1421   13.1529   12.1655   11.1803    10.198   14.0357   10.0499        14        10         0         1         2         3         4   14.0357   10.0499         1   4.12311   14.1421    10.198         2   4.47214   14.3178   13.3417   12.3693         3         5         4   5.65685        13    12.083   11.1803   10.2956         5   5.09902   5.38516   5.83095   6.40312   13.4164   10.8167   13.8924   11.4018   14.4222   12.0416        15   12.7279   15.6205   14.8661   14.1421   13.4536
   15.1327   14.1421   13.1529   12.1655   11.1803   15.0333   11.0454        15        11         1         0         1         2         3   15.0333   11.0454   1.41421   3.16228   15.1327   11.1803   2.23607   3.60555   15.2971   14.3178   13.3417   3.16228   4.24264   4.12311         5   13.9284        13    12.083   11.1803   5.09902         5   5.09902   5.38516   5.83095   14.3178   11.6619   14.7648   12.2066   15.2643   12.8062   15.8114   13.4536   16.4012   15.6205   14.8661   14.1421
   16.1245   15.1327   14.1421   13.1529   12.1655   16.0312   12.0416        16        12         2         1         0         1         2   16.0312   12.0416   2.23607   2.23607   16.1245   12.1655   2.82843   2.82843   16.2788   15.2971   14.3178   3.60555   3.60555   4.47214   4.47214   14.8661   13.9284        13    12.083   5.38516   5.09902         5   5.09902   5.38516   15.2315     12.53   15.6525   13.0384   16.1245   13.6015   16.6433   14.2127   17.2047   16.4012   15.6205   14.8661
   17.1172   16.1245   15.1327   14.1421   13.1529   17.0294   13.0384        17        13         3         2         1         0         1   17.0294   13.0384   3.16228   1.41421   17.1172   13.1529   3.60555   2.23607   17.2627   16.2788   15.2971   4.24264   3.16228         5   4.12311   15.8114   14.8661   13.9284        13   5.83095   5.38516   5.09902         5   5.09902   16.1555   13.4164   16.5529   13.8924        17   14.4222   17.4929        15   18.0278   17.2047   16.4012   15.6205
   18.1108   17.1172   16.1245   15.1327   14.1421   18.0278   14.0357        18        14         4         3         2         1         0   18.0278   14.0357   4.12311         1   18.1108   14.1421   4.47214         2   18.2483   17.2627   16.2788         5         3   5.65685         4   16.7631   15.8114   14.8661   13.9284   6.40312   5.83095   5.38516   5.09902         5    17.088   14.3178   17.4642   14.7648   17.8885   15.2643   18.3576   15.8114    18.868   18.0278   17.2047   16.4012
         3   3.16228   3.60555   4.24264         5         2   4.47214         1   4.12311   14.0357   15.0333   16.0312   17.0294   18.0278         0         4        14        18         1   4.12311   14.0357   18.0278         2   2.23607   2.82843   14.1421   18.1108   14.3178   18.2483   4.47214         5   5.65685   6.40312   14.5602   15.5242   16.4924   17.4642   18.4391   5.38516   7.07107   6.32456   7.81025   7.28011   8.60233   8.24621   9.43398   9.21954   9.48683   9.84886   10.2956
         5   4.24264   3.60555   3.16228         3   4.47214         2   4.12311         1   10.0499   11.0454   12.0416   13.0384   14.0357         4         0        10        14   4.12311         1   10.0499   14.0357   4.47214   3.60555   2.82843    10.198   14.1421   10.4403   14.3178   4.47214   4.12311         4   4.12311   10.7703   11.7047   12.6491   13.6015   14.5602   5.38516   5.09902   6.32456   6.08276   7.28011   7.07107   8.24621   8.06226   9.21954   9.05539         9   9.05539
   14.3178   13.3417   12.3693   11.4018   10.4403   14.1421    10.198   14.0357   10.0499         1   1.41421   2.23607   3.16228   4.12311        14        10         0         4   14.0357   10.0499         1   4.12311   14.1421   13.1529   12.1655         2   4.47214         3         5   12.6491   11.7047   10.7703   9.84886         4   4.12311   4.47214         5   5.65685        13   10.2956   13.4164   10.8167   13.8924   11.4018   14.4222   12.0416        15   14.2127   13.4536   12.7279
   18.2483   17.2627   16.2788   15.2971   14.3178   18.1108   14.1421   18.0278   14.0357   4.12311   3.16228   2.23607   1.41421         1        18        14         4         0   18.0278   14.0357   4.12311         1   18.1108   17.1172   16.1245   4.47214         2         5         3   16.4924   15.5242   14.5602   13.6015   5.65685         5   4.47214   4.12311         4   16.7631   13.9284    17.088   14.3178   17.4642   14.7648   17.8885   15.2643   18.3576   17.4929   16.6433   15.8114
         4   4.12311   4.47214         5   5.65685         3         5         2   4.47214   14.1421   15.1327   16.1245   17.1172   18.1108         1   4.12311   14.0357   18.0278         0         4        14        18         1   1.41421   2.23607   14.0357   18.0278   14.1421   18.1108   3.60555   4.24264         5   5.83095   14.3178   15.2971   16.2788   17.2627   18.2483   4.47214   6.40312   5.38516   7.07107   6.32456   7.81025   7.28011   8.60233   8.24621     8.544   8.94427   9.43398
   5.65685         5   4.47214   4.12311         4         5         3   4.47214         2    10.198   11.1803   12.1655   13.1529   14.1421   4.12311         1   10.0499   14.0357         4         0        10        14   4.12311   3.16228   2.23607   10.0499   14.0357    10.198   14.1421   3.60555   3.16228         3   3.16228   10.4403   11.4018   12.3693   13.3417   14.3178   4.47214   4.12311   5.38516   5.09902   6.32456   6.08276   7.28011   7.07107   8.24621   8.06226         8   8.06226
   14.5602   13.6015   12.6491   11.7047   10.7703   14.3178   10.4403   14.1421    10.198         2   2.23607   2.82843   3.60555   4.47214   14.0357   10.0499         1   4.12311        14        10         0         4   14.0357   13.0384   12.0416         1   4.12311         2   4.47214   12.3693   11.4018   10.4403   9.48683         3   3.16228   3.60555   4.24264         5   12.6491   9.84886        13   10.2956   13.4164   10.8167   13.8924   11.4018   14.4222   13.6015   12.8062   12.0416
   18.4391   17.4642   16.4924   15.5242   14.5602   18.2483   14.3178   18.1108   14.1421   4.47214   3.60555   2.82843   2.23607         2   18.0278   14.0357   4.12311         1        18        14         4         0   18.0278   17.0294   16.0312   4.12311         1   4.47214         2   16.2788   15.2971   14.3178   13.3417         5   4.24264   3.60555   3.16228         3   16.4924   13.6015   16.7631   13.9284    17.088   14.3178   17.4642   14.7648   17.8885        17   16.1245   15.2643
         5   5.09902   5.38516   5.83095   6.40312         4   5.65685         3         5   14.3178   15.2971   16.2788   17.2627   18.2483         2   4.47214   14.1421   18.1108         1   4.12311   14.0357   18.0278         0         1         2        14        18   14.0357   18.0278   2.82843   3.60555   4.47214   5.38516   14.1421   15.1327   16.1245   17.1172   18.1108   3.60555   5.83095   4.47214   6.40312   5.38516   7.07107   6.32456   7.81025   7.28011   7.61577   8.06226   8.60233
   5.09902         5   5.09902   5.38516   5.83095   4.12311         5   3.16228   4.24264   13.3417   14.3178   15.2971   16.2788   17.2627   2.23607   3.60555   13.1529   17.1172   1.41421   3.16228   13.0384   17.0294         1         0         1        13        17   13.0384   17.0294   2.23607   2.82843   3.60555   4.47214   13.1529   14.1421   15.1327   16.1245   17.1172   3.16228         5   4.12311   5.65685   5.09902   6.40312   6.08276    7.2111   7.07107   7.28011   7.61577   8.06226
   5.38516   5.09902         5   5.09902   5.38516   4.47214   4.47214   3.60555   3.60555   12.3693   13.3417   14.3178   15.2971   16.2788   2.82843   2.82843   12.1655   16.1245   2.23607   2.23607   12.0416   16.0312         2         1         0        12        16   12.0416   16.0312         2   2.23607   2.82843   3.60555   12.1655   13.1529   14.1421   15.1327   16.1245         3   4.24264         4         5         5   5.83095         6    6.7082         7   7.07107   7.28011   7.61577
   14.8661   13.9284        13    12.083   11.1803   14.5602   10.7703   14.3178   10.4403         3   3.16228   3.60555   4.24264         5   14.1421    10.198         2   4.47214   14.0357   10.0499         1   4.12311        14        13        12         0         4         1   4.12311   12.1655   11.1803    10.198   9.21954         2   2.23607   2.82843   3.60555   4.47214   12.3693   9.48683   12.6491   9.84886        13   10.2956   13.4164   10.8167   13.8924   13.0384   12.2066   11.4018
   18.6815     17.72   16.7631   15.8114   14.8661   18.4391   14.5602   18.2483   14.3178         5   4.24264   3.60555   3.16228         3   18.1108   14.1421   4.47214         2   18.0278   14.0357   4.12311         1        18        17        16         4         0   4.12311         1   16.1245   15.1327   14.1421   13.1529   4.47214   3.60555   2.82843   2.23607         2   16.2788   13.3417   16.4924   13.6015   16.7631   13.9284    17.088   14.3178   17.4642   16.5529   15.6525   14.7648
   15.2315   14.3178   13.4164     12.53   11.6619   14.8661   11.1803   14.5602   10.7703         4   4.12311   4.47214         5   5.65685   14.3178   10.4403         3         5   14.1421    10.198         2   4.47214   14.0357   13.0384   12.0416         1   4.12311         0         4   12.0416   11.0454   10.0499   9.05539         1   1.41421   2.23607   3.16228   4.12311   12.1655   9.21954   12.3693   9.48683   12.6491   9.84886        13   10.2956   13.4164     12.53   11.6619   10.8167
   18.9737   18.0278    17.088   16.1555   15.2315   18.6815   14.8661   18.4391   14.5602   5.65685         5   4.47214   4.12311         4   18.2483   14.3178         5         3   18.1108   14.1421   4.47214         2   18.0278   17.0294   16.0312   4.12311         1         4         0   16.0312   15.0333   14.0357   13.0384   4.12311   3.16228   2.23607   1.41421         1   16.1245   13.1529   16.2788   13.3417   16.4924   13.6015   16.7631   13.9284    17.088   16.1555   15.2315   14.3178
   7.28011   7.07107         7   7.07107   7.28011   6.32456   6.32456   5.38516   5.38516        13   13.9284   14.8661   15.8114   16.7631   4.47214   4.47214   12.6491   16.4924   3.60555   3.60555   12.3693   16.2788   2.82843   2.23607         2   12.1655   16.1245   12.0416   16.0312         0         1         2         3        12        13        14        15        16         1   3.16228         2   3.60555         3   4.24264         4         5         5   5.09902   5.38516   5.83095
   7.61577   7.28011   7.07107         7   7.07107    6.7082   6.08276   5.83095   5.09902    12.083        13   13.9284   14.8661   15.8114         5   4.12311   11.7047   15.5242   4.24264   3.16228   11.4018   15.2971   3.60555   2.82843   2.23607   11.1803   15.1327   11.0454   15.0333         1         0         1         2        11        12        13        14        15   1.41421   2.23607   2.23607   2.82843   3.16228   3.60555   4.12311   4.47214   5.09902         5   5.09902   5.38516
   8.06226   7.61577   7.28011   7.07107         7    7.2111         6   6.40312         5   11.1803    12.083        13   13.9284   14.8661   5.65685         4   10.7703   14.5602         5         3   10.4403   14.3178   4.47214   3.60555   2.82843    10.198   14.1421   10.0499   14.0357         2         1         0         1        10        11        12        13        14   2.23607   1.41421   2.82843   2.23607   3.60555   3.16228   4.47214   4.12311   5.38516   5.09902         5   5.09902
   8.60233   8.06226   7.61577   7.28011   7.07107   7.81025   6.08276   7.07107   5.09902   10.2956   11.1803    12.083        13   13.9284   6.40312   4.12311   9.84886   13.6015   5.83095   3.16228   9.48683   13.3417   5.38516   4.47214   3.60555   9.21954   13.1529   9.05539   13.0384         3         2         1         0         9        10        11        12        13   3.16228         1   3.60555         2   4.24264         3         5         4   5.83095   5.38516   5.09902         5
   15.6525   14.7648   13.8924   13.0384   12.2066   15.2315   11.6619   14.8661   11.1803         5   5.09902   5.38516   5.83095   6.40312   14.5602   10.7703         4   5.65685   14.3178   10.4403         3         5   14.1421   13.1529   12.1655         2   4.47214         1   4.12311        12        11        10         9         0         1         2         3         4   12.0416   9.05539   12.1655   9.21954   12.3693   9.48683   12.6491   9.84886        13    12.083   11.1803   10.2956
   16.5529   15.6525   14.7648   13.8924   13.0384   16.1555     12.53   15.8114    12.083   5.09902         5   5.09902   5.38516   5.83095   15.5242   11.7047   4.12311         5   15.2971   11.4018   3.16228   4.24264   15.1327   14.1421   13.1529   2.23607   3.60555   1.41421   3.16228        13        12        11        10         1         0         1         2         3   13.0384   10.0499   13.1529    10.198   13.3417   10.4403   13.6015   10.7703   13.9284        13    12.083   11.1803
   17.4642   16.5529   15.6525   14.7648   13.8924    17.088   13.4164   16.7631        13   5.38516   5.09902         5   5.09902   5.38516   16.4924   12.6491   4.47214   4.47214   16.2788   12.3693   3.60555   3.60555   16.1245   15.1327   14.1421   2.82843   2.82843   2.23607   2.23607        14        13        12        11         2         1         0         1         2   14.0357   11.0454   14.1421   11.1803   14.3178   11.4018   14.5602   11.7047   14.8661   13.9284        13    12.083
   18.3848   17.4642   16.5529   15.6525   14.7648   18.0278   14.3178     17.72   13.9284   5.83095   5.38516   5.09902         5   5.09902   17.4642   13.6015         5   4.12311   17.2627   13.3417   4.24264   3.16228   17.1172   16.1245   15.1327   3.60555   2.23607   3.16228   1.41421        15        14        13        12         3         2         1         0         1   15.0333   12.0416   15.1327   12.1655   15.2971   12.3693   15.5242   12.6491   15.8114   14.8661   13.9284        13
   19.3132   18.3848   17.4642   16.5529   15.6525   18.9737   15.2315   18.6815   14.8661   6.40312   5.83095   5.38516   5.09902         5   18.4391   14.5602   5.65685         4   18.2483   14.3178         5         3   18.1108   17.1172   16.1245   4.47214         2   4.12311         1        16        15        14        13         4         3         2         1         0   16.0312   13.0384   16.1245   13.1529   16.2788   13.3417   16.4924   13.6015   16.7631   15.8114   14.8661   13.9284
   8.24621   8.06226         8   8.06226   8.24621   7.28011   7.28011   6.32456   6.32456   13.4164   14.3178   15.2315   16.1555    17.088   5.38516   5.38516        13   16.7631   4.47214   4.47214   12.6491   16.4924   3.60555   3.16228         3   12.3693   16.2788   12.1655   16.1245         1   1.41421   2.23607   3.16228   12.0416   13.0384   14.0357   15.0333   16.0312         0         3         1   3.16228         2   3.60555         3   4.24264         4   4.12311   4.47214         5
   9.43398   8.94427     8.544   8.24621   8.06226   8.60233   7.07107   7.81025   6.08276   10.8167   11.6619     12.53   13.4164   14.3178   7.07107   5.09902   10.2956   13.9284   6.40312   4.12311   9.84886   13.6015   5.83095         5   4.24264   9.48683   13.3417   9.21954   13.1529   3.16228   2.23607   1.41421         1   9.05539   10.0499   11.0454   12.0416   13.0384         3         0   3.16228         1   3.60555         2   4.24264         3         5   4.47214   4.12311         4
   9.21954   9.05539         9   9.05539   9.21954   8.24621   8.24621   7.28011   7.28011   13.8924   14.7648   15.6525   16.5529   17.4642   6.32456   6.32456   13.4164    17.088   5.38516   5.38516        13   16.7631   4.47214   4.12311         4   12.6491   16.4924   12.3693   16.2788         2   2.23607   2.82843   3.60555   12.1655   13.1529   14.1421   15.1327   16.1245         1   3.16228         0         3         1   3.16228         2   3.60555         3   3.16228   3.60555   4.24264
   10.2956   9.84886   9.48683   9.21954   9.05539   9.43398   8.06226   8.60233   7.07107   11.4018   12.2066   13.0384   13.8924   14.7648   7.81025   6.08276   10.8167   14.3178   7.07107   5.09902   10.2956   13.9284   6.40312   5.65685         5   9.84886   13.6015   9.48683   13.3417   3.60555   2.82843   2.23607         2   9.21954    10.198   11.1803   12.1655   13.1529   3.16228         1         3         0   3.16228         1   3.60555         2   4.24264   3.60555   3.16228         3
    10.198   10.0499        10   10.0499    10.198   9.21954   9.21954   8.24621   8.24621   14.4222   15.2643   16.1245        17   17.8885   7.28011   7.28011   13.8924   17.4642   6.32456   6.32456   13.4164    17.088   5.38516   5.09902         5        13   16.7631   12.6491   16.4924         3   3.16228   3.60555   4.24264   12.3693   13.3417   14.3178   15.2971   16.2788         2   3.60555         1   3.16228         0         3         1   3.16228         2   2.23607   2.82843   3.60555
   11.1803   10.7703   10.4403    10.198   10.0499   10.2956   9.05539   9.43398   8.06226   12.0416   12.8062   13.6015   14.4222   15.2643   8.60233   7.07107   11.4018   14.7648   7.81025   6.08276   10.8167   14.3178   7.07107   6.40312   5.83095   10.2956   13.9284   9.84886   13.6015   4.24264   3.60555   3.16228         3   9.48683   10.4403   11.4018   12.3693   13.3417   3.60555         2   3.16228         1         3         0   3.16228         1   3.60555   2.82843   2.23607         2
   11.1803   11.0454        11   11.0454   11.1803    10.198    10.198   9.21954   9.21954        15   15.8114   16.6433   17.4929   18.3576   8.24621   8.24621   14.4222   17.8885   7.28011   7.28011   13.8924   17.4642   6.32456   6.08276         6   13.4164    17.088        13   16.7631         4   4.12311   4.47214         5   12.6491   13.6015   14.5602   15.5242   16.4924         3   4.24264         2   3.60555         1   3.16228         0         3         1   1.41421   2.23607   3.16228
    12.083   11.7047   11.4018   11.1803   11.0454   11.1803   10.0499   10.2956   9.05539   12.7279   13.4536   14.2127        15   15.8114   9.43398   8.06226   12.0416   15.2643   8.60233   7.07107   11.4018   14.7648   7.81025    7.2111    6.7082   10.8167   14.3178   10.2956   13.9284         5   4.47214   4.12311         4   9.84886   10.7703   11.7047   12.6491   13.6015   4.24264         3   3.60555         2   3.16228         1         3         0   3.16228   2.23607   1.41421         1
   12.1655   12.0416        12   12.0416   12.1655   11.1803   11.1803    10.198    10.198   15.6205   16.4012   17.2047   18.0278    18.868   9.21954   9.21954        15   18.3576   8.24621   8.24621   14.4222   17.8885   7.28011   7.07107         7   13.8924   17.4642   13.4164    17.088         5   5.09902   5.38516   5.83095        13   13.9284   14.8661   15.8114   16.7631         4         5         3   4.24264         2   3.60555         1   3.16228         0         1         2         3
   12.3693   12.1655   12.0416        12   12.0416   11.4018   11.0454   10.4403   10.0499   14.8661   15.6205   16.4012   17.2047   18.0278   9.48683   9.05539   14.2127   17.4929     8.544   8.06226   13.6015        17   7.61577   7.28011   7.07107   13.0384   16.5529     12.53   16.1555   5.09902         5   5.09902   5.38516    12.083        13   13.9284   14.8661   15.8114   4.12311   4.47214   3.16228   3.60555   2.23607   2.82843   1.41421   2.23607         1         0         1         2
   12.6491   12.3693   12.1655   12.0416        12   11.7047        11   10.7703        10   14.1421   14.8661   15.6205   16.4012   17.2047   9.84886         9   13.4536   16.6433   8.94427         8   12.8062   16.1245   8.06226   7.61577   7.28011   12.2066   15.6525   11.6619   15.2315   5.38516   5.09902         5   5.09902   11.1803    12.083        13   13.9284   14.8661   4.47214   4.12311   3.60555   3.16228   2.82843   2.23607   2.23607   1.41421         2         1         0         1
        13   12.6491   12.3693   12.1655   12.0416    12.083   11.0454   11.1803   10.0499   13.4536   14.1421   14.8661   15.6205   16.4012   10.2956   9.05539   12.7279   15.8114   9.43398   8.06226   12.0416   15.2643   8.60233   8.06226   7.61577   11.4018   14.7648   10.8167   14.3178   5.83095   5.38516   5.09902         5   10.2956   11.1803    12.083        13   13.9284         5         4   4.24264         3   3.60555         2   3.16228         1         3         2         1         0
