0000000011100000000000000000000000000000
0000000010100000000000111000000000000000
0000000011100000000000101000011111100000
0000000000000000000000101000010000100000
0000000000000000000000111000010000100000
0000000000000000000000000000010000100000
0000000000000000000000000000010000100000
0000000000000000000000000000011111100000
0000000000000000000000000000000001111110
0000000000000000000000000111000001000010
0000000000000000000000000101000001000010
0000000000000000000000000101000001000010
0000000000000000000000000101000001000010
0000000000000000000000000101000001111110
0000000111110000000000000111000000111110
0000000100010000000000000000000000100010
0000000100010000000000000000000000100010
0000000100010000000000000000000000100010
0000000100000000000000000000000000111110
0000000000000000000000000000000000000000
