0000000000000000011110000111000000000000
0000000000000000010010000101000000000000
0000000000000000011110000101000000001110
0000011110000000000111111111000000001010
0000010010000000000100001000000000001010
0000010010000011100100001000000000001010
0000011110000010100100001000000000001110
0000000000000010100100001000000000000000
0000000000000011100000000000000000000000
0000000000000000000000000000000000000000
0000000000111111000000000000000000000000
0000000000100001000000000000000000000000
0000000000111111000000000000000000000000
0000000000000000000000000000000000000000
0000000000000000000000000000000000000000
0000000000000000011111100000000000000000
0000000000000000010000100000000000000000
0000000000000000010000100000000000000000
0000000000000000010000100000000000000000
0000000000000000011111100000000000000000
