0000000000001111100111100000000000000000
0000000000001000100100100000000000000000
0000000000001111100111100000000000000000
0000111000000000011111111000000000000000
0000101000000000010001101000000000000000
0000101000000000010000101000000000000000
0000111000000000000000111000000000000000
0000000000000000000000000000000000000000
0000000000000000000000000000000000000000
0000000000000000111110000000000000000000
0000000000000000100010000000000000000000
0000000000000000100010000000000000000000
0000000000000000100010000000000000000000
0000000000000000100010000000000000001111
0000000000000000111110000000000000001001
0000000000000000000000000000000001111001
0000000111100000000000000000000001011001
0000000100100000000000000000000001111111
0000000111100000000000000000000000000000
0000000000000000000000000000000000000000
