0000000000000000000000000000000000000000
0000000000000000000000000000000000000000
0000000000111110000000000000000000000000
0000000000100010000000000000000000000000
0001111000100010000000000111100000011111
0001001000100010000000000100100000010001
0001001000111110000000000111100000010001
0001001000000000000000000000000000010001
0001001000000000000000000000000000010001
0001111000000000000000000000000000011111
0000000000011111100000000000000000000000
0000000000010000100000000000000000000000
0000000000010000100000000000000000000000
0000000000010000100000000000000000000000
0000000000011111100111100000000000000000
0000000000000011110100100000000000000000
0000000000000010010100100000000000000000
0000000000000010010110000000000000000000
0000000000000011110000000000000000000000
0000000000000000000000000000000000000000
